神城B退 200018 0.14 7.69 0.01 29233
*ST华电B 900937 0.121 5.22 0.006 19423
*ST鹏起B 900907 0.124 5.08 0.006 4793
宁通信B 200468 2.49 5.06 0.12 3015
大东海B 200613 3.06 4.44 0.13 2490
耀皮Ｂ股 900918 0.504 3.92 0.019 2674
海创B股 900955 0.188 3.87 0.007 6332
方大Ｂ 200055 3.24 3.51 0.11 13220
长 安Ｂ 200625 4.42 3.27 0.14 34581
*ST天雁B 900946 0.192 3.23 0.006 5412
古井贡Ｂ 200596 66.47 3.05 1.97 1317
丹科B股 900921 0.305 3.04 0.009 4741
东旭B 200413 2.16 2.86 0.06 13326
山 航Ｂ 200152 9.12 2.59 0.23 1784
特 力Ｂ 200025 5.27 2.33 0.12 529
开开Ｂ股 900943 0.488 2.09 0.01 507
中路Ｂ股 900915 0.638 2.08 0.013 1352
京东方Ｂ 200725 3.08 1.99 0.06 33571
深中华B 200017 1.67 1.83 0.03 4040
飞亚达Ｂ 200026 6.26 1.79 0.11 2717
东信Ｂ股 900941 0.545 1.68 0.009 7756
锦江Ｂ股 900934 1.916 1.59 0.03 1504
宝信Ｂ 900926 1.891 1.5 0.028 6514
鄂资Ｂ股 900936 0.826 1.47 0.012 1438
海科B 900938 0.28 1.45 0.004 5726
大 冷Ｂ 200530 2.16 1.41 0.03 7674
国新B股 900913 0.365 1.39 0.005 1537
闽灿坤Ｂ 200512 3.72 1.36 0.05 1723
中 鲁Ｂ 200992 3.07 1.32 0.04 1757
大名城B 900940 0.384 1.32 0.005 371
粤华包Ｂ 200986 2.38 1.28 0.03 1338
东贝Ｂ股 900956 1.397 1.23 0.017 2787
深南电B 200037 4.4 1.15 0.05 2179
物贸Ｂ股 900927 0.533 1.14 0.006 325
百联Ｂ股 900923 0.859 1.06 0.009 875
海立Ｂ股 900910 0.67 1.06 0.007 615
东沣B 200160 1.11 0.91 0.01 2223
建车B 200054 4.5 0.9 0.04 97
苏常柴Ｂ 200570 2.27 0.89 0.02 667
南 玻Ｂ 200012 2.39 0.84 0.02 6188
云赛Ｂ股 900901 0.611 0.83 0.005 1931
深康佳Ｂ 200016 2.46 0.82 0.02 1934
安道麦B 200553 4.93 0.82 0.04 554
深赛格B 200058 2.61 0.77 0.02 2566
苏威孚Ｂ 200581 12.99 0.7 0.09 1557
晨 鸣Ｂ 200488 3.16 0.64 0.02 5229
汇丽B 900939 0.656 0.61 0.004 1473
本钢板Ｂ 200761 1.97 0.51 0.01 2683
三毛B股 900922 0.633 0.48 0.003 556
皇庭B 200056 2.18 0.46 0.01 596
招港B 201872 9.09 0.44 0.04 798
老凤祥Ｂ 900905 3.23 0.44 0.014 1198
凌云Ｂ股 900957 0.575 0.35 0.002 2218
江 铃Ｂ 200550 5.83 0.34 0.02 2518
京粮B 200505 3.01 0.33 0.01 635
锦港Ｂ股 900952 0.302 0.33 0.001 844
富奥B 200030 3.19 0.31 0.01 937
凯马Ｂ 900953 0.482 0.21 0.001 1013
外高Ｂ股 900912 1.219 0.16 0.002 473
粤高速Ｂ 200429 6.22 0.16 0.01 2359
杭汽轮Ｂ 200771 8.08 0.12 0.01 2425
机电Ｂ股 900925 1.478 0.07 0.001 545
华新Ｂ股 900933 1.982 0.05 0.001 7964
新城B股 900950 "-" "-" "-" "-"
东电B股 900949 "-" "-" "-" "-"
阳晨B股 900935 "-" "-" "-" "-"
PT水仙B 900931 "-" "-" "-" "-"
*ST沪普B 900930 "-" "-" "-" "-"
上柴Ｂ股 900920 0.439 0.0 0.0 681
绿庭B股 900919 0.369 0.0 0.0 6366
海欣Ｂ股 900917 0.398 0.0 0.0 1994
华谊B股 900909 0.585 0.0 0.0 1226
氯碱Ｂ股 900908 0.554 0.0 0.0 2087
*ST毅达B 900906 "-" "-" "-" "-"
大众Ｂ股 900903 0.435 0.0 0.0 1880
市北B股 900902 0.375 0.0 0.0 10932
张 裕Ｂ 200869 15.09 0.0 0.0 1033
武锅B退 200770 "-" "-" "-" "-"
丽珠B 200513 "-" "-" "-" "-"
小天鹅B 200418 "-" "-" "-" "-"
*ST舜喆B 200168 1.14 0.0 0.0 1929
*ST大洋B 200057 "-" "-" "-" "-"
深基地B 200053 "-" "-" "-" "-"
*ST本实B 200041 "-" "-" "-" "-"
中集B 200039 "-" "-" "-" "-"
深深房Ｂ 200029 "-" "-" "-" "-"
招商局B 200024 "-" "-" "-" "-"
PT中浩B 200015 "-" "-" "-" "-"
*ST石化B 200013 "-" "-" "-" "-"
PT金田B 200003 "-" "-" "-" "-"
万科B 200002 "-" "-" "-" "-"
一致Ｂ 200028 27.73 -0.07 -0.02 380
深物业B 200011 5.19 -0.19 -0.01 273
黄山Ｂ股 900942 0.888 -0.22 -0.002 816
凤凰B股 900916 0.444 -0.22 -0.001 974
临港B股 900928 1.457 -0.27 -0.004 1554
ST大化B 900951 0.35 -0.28 -0.001 250
深粮B 200019 3.37 -0.3 -0.01 1284
振华Ｂ股 900947 0.328 -0.3 -0.001 1791
粤照明Ｂ 200541 2.76 -0.36 -0.01 670
锦旅Ｂ股 900929 1.634 -0.37 -0.006 165
伊泰Ｂ股 900948 0.766 -0.39 -0.003 9271
金桥Ｂ股 900911 0.941 -0.42 -0.004 627
虹美菱B 200521 2.15 -0.46 -0.01 403
深华发Ｂ 200020 4.1 -0.49 -0.02 334
陆家Ｂ股 900932 0.949 -0.63 -0.006 12186
神奇B股 900904 0.785 -0.63 -0.005 635
上工Ｂ股 900924 0.459 -0.65 -0.003 1119
瓦轴B 200706 2.81 -0.71 -0.02 195
海控Ｂ股 900945 0.275 -0.72 -0.002 1035
锦投Ｂ股 900914 0.873 -0.8 -0.007 445
粤电力Ｂ 200539 2.37 -0.84 -0.02 8498
鲁 泰Ｂ 200726 6.99 -0.99 -0.07 2480
深纺织Ｂ 200045 3.85 -1.03 -0.04 205
