天华超净 300390 6.01 10.07 0.55 217583
暴风集团 300431 3.72 10.06 0.34 392834
华昌达 300278 4.38 10.05 0.4 366652
道氏技术 300409 12.27 10.04 1.12 244167
和晶科技 300279 5.6 10.02 0.51 189917
四方达 300179 6.15 10.02 0.56 309897
当升科技 300073 24.93 10.02 2.27 325058
精测电子 300567 51.32 10.01 4.67 162662
迅游科技 300467 22.65 10.0 2.06 343412
新宙邦 300037 36.4 10.0 3.31 104498
圣邦股份 300661 284.9 10.0 25.9 31612
寒锐钴业 300618 78.1 10.0 7.1 105670
神思电子 300479 16.39 10.0 1.49 43132
中科电气 300035 7.81 10.0 0.71 585327
天迈科技 300807 33.89 10.0 3.08 320
岱勒新材 300700 20.25 9.99 1.84 45032
强力新材 300429 16.73 9.99 1.52 679048
容大感光 300576 22.91 9.99 2.08 90190
南大光电 300346 14.88 9.98 1.35 231656
威唐工业 300707 15.99 9.97 1.45 95835
楚天科技 300358 7.08 9.94 0.64 4780
太空智造 300344 5.87 9.93 0.53 225686
先导智能 300450 45.76 9.45 3.95 189434
三联虹普 300384 17.66 8.74 1.42 145781
晶瑞股份 300655 34.39 8.55 2.71 77976
星源材质 300568 30.0 8.34 2.31 128148
鹏鹞环保 300664 12.66 8.21 0.96 204694
金龙机电 300032 3.84 8.17 0.29 402671
上海新阳 300236 26.7 8.1 2.0 257085
探路者 300005 4.31 7.75 0.31 398652
欣旺达 300207 20.33 7.68 1.45 317694
精研科技 300709 108.5 7.64 7.7 20267
德方纳米 300769 101.87 7.58 7.18 18182
赢合科技 300457 31.8 7.32 2.17 87646
耐威科技 300456 26.1 7.19 1.75 559887
高盟新材 300200 13.0 7.17 0.87 133063
宁德时代 300750 99.5 7.1 6.6 297044
震安科技 300767 64.55 7.05 4.25 19230
南都电源 300068 11.05 6.97 0.72 212758
星徽精密 300464 14.92 6.65 0.93 64916
康跃科技 300391 7.01 6.53 0.43 142384
长亮科技 300348 20.61 6.46 1.25 360728
银信科技 300231 7.98 6.4 0.48 201391
弘信电子 300657 36.64 6.39 2.2 55570
海联讯 300277 10.01 6.38 0.6 109890
宝莱特 300246 16.7 6.37 1.0 99293
北京君正 300223 86.53 6.37 5.18 120201
锦浪科技 300763 38.6 6.28 2.28 22492
四通新材 300428 13.78 6.25 0.81 43997
鹏辉能源 300438 28.45 6.16 1.65 164103
美联新材 300586 24.7 6.15 1.43 411562
广信材料 300537 19.9 6.13 1.15 145054
宜安科技 300328 15.99 6.03 0.91 234930
科恒股份 300340 12.52 6.01 0.71 132284
昆仑万维 300418 17.32 6.0 0.98 439381
珈伟新能 300317 4.78 5.99 0.27 228010
世名科技 300522 18.47 5.97 1.04 32903
伊之密 300415 10.35 5.94 0.58 103697
飞凯材料 300398 14.67 5.77 0.8 199893
中青宝 300052 16.88 5.76 0.92 610527
宝通科技 300031 14.52 5.75 0.79 135369
亿通科技 300211 8.31 5.73 0.45 67795
壹网壹创 300792 157.29 5.65 8.41 20309
智动力 300686 20.77 5.49 1.08 121159
盛弘股份 300693 13.35 5.45 0.69 54691
南风股份 300004 6.59 5.44 0.34 151794
古鳌科技 300551 23.58 5.31 1.19 83049
东软载波 300183 15.32 5.22 0.76 202931
唐德影视 300426 6.47 5.2 0.32 102197
正海磁材 300224 8.95 5.17 0.44 155984
长荣股份 300195 7.15 5.15 0.35 81508
博济医药 300404 13.92 5.14 0.68 35023
戴维医疗 300314 9.44 5.12 0.46 70586
光力科技 300480 17.05 5.12 0.83 68486
值得买 300785 115.58 5.09 5.6 12391
星云股份 300648 15.9 5.09 0.77 31684
博雅生物 300294 32.87 5.02 1.57 43658
南京聚隆 300644 29.99 5.01 1.43 17505
阿石创 300706 24.81 4.95 1.17 74393
顺网科技 300113 26.7 4.91 1.25 255642
锦富技术 300128 4.06 4.91 0.19 343742
掌趣科技 300315 6.63 4.91 0.31 711551
东华测试 300354 12.68 4.88 0.59 54957
新易盛 300502 43.01 4.77 1.96 107488
江丰电子 300666 42.79 4.75 1.94 62937
赛升药业 300485 8.73 4.68 0.39 37002
长川科技 300604 23.54 4.67 1.05 115562
晶盛机电 300316 15.08 4.65 0.67 264387
和顺电气 300141 6.57 4.62 0.29 39528
蓝英装备 300293 7.75 4.59 0.34 74378
盛运环保 300090 1.38 4.55 0.06 549289
阳普医疗 300030 7.62 4.53 0.33 153677
红相股份 300427 14.35 4.44 0.61 44317
通合科技 300491 13.22 4.42 0.56 21232
森霸传感 300701 32.35 4.42 1.37 175968
金银河 300619 23.3 4.39 0.98 11089
诚益通 300430 7.96 4.05 0.31 41865
欣锐科技 300745 22.09 4.05 0.86 18122
隆盛科技 300680 22.61 4.05 0.88 30076
朗进科技 300594 35.01 4.04 1.36 23267
豫金刚石 300064 3.35 4.04 0.13 85687
天泽信息 300209 14.19 4.03 0.55 61651
奥克股份 300082 5.68 4.03 0.22 47046
华信新材 300717 16.09 3.94 0.61 18072
炬华科技 300360 13.5 3.93 0.51 104174
光威复材 300699 43.12 3.9 1.62 74838
蓝海华腾 300484 9.35 3.77 0.34 36472
佳发教育 300559 29.44 3.77 1.07 22835
三超新材 300554 16.81 3.77 0.61 26614
电工合金 300697 14.41 3.74 0.52 29863
智云股份 300097 8.88 3.74 0.32 55286
华录百纳 300291 6.14 3.72 0.22 66295
新宁物流 300013 8.15 3.69 0.29 33993
蒙草生态 300355 3.38 3.68 0.12 185174
新国都 300130 17.67 3.64 0.62 99634
翰宇药业 300199 5.72 3.62 0.2 94170
佳讯飞鸿 300213 6.59 3.62 0.23 68889
诚迈科技 300598 127.95 3.6 4.45 41934
万隆光电 300710 28.82 3.56 0.99 12116
博思软件 300525 38.18 3.55 1.31 33452
迪威迅 300167 5.56 3.54 0.19 102140
海达股份 300320 4.7 3.52 0.16 45867
普丽盛 300442 15.28 3.52 0.52 11604
光库科技 300620 42.32 3.52 1.44 30518
新开普 300248 8.01 3.49 0.27 62438
鼎龙股份 300054 9.26 3.46 0.31 110509
康芝药业 300086 4.78 3.46 0.16 57818
三鑫医疗 300453 7.53 3.43 0.25 22329
汇金股份 300368 8.14 3.43 0.27 84549
迪瑞医疗 300396 17.79 3.43 0.59 32580
欧比特 300053 13.03 3.41 0.43 234215
中来股份 300393 14.38 3.38 0.47 45067
科顺股份 300737 11.06 3.36 0.36 48514
德尔股份 300473 45.1 3.32 1.45 17466
华测检测 300012 14.99 3.31 0.48 153657
科泰电源 300153 6.59 3.29 0.21 42371
越博动力 300742 21.97 3.29 0.7 22402
溢多利 300381 10.36 3.29 0.33 95679
万孚生物 300482 51.08 3.28 1.62 13290
中富通 300560 15.77 3.27 0.5 22094
光一科技 300356 8.23 3.26 0.26 180957
中科创达 300496 47.11 3.22 1.47 83912
佩蒂股份 300673 28.33 3.21 0.88 17463
鹏翎股份 300375 3.58 3.17 0.11 88668
同益股份 300538 19.0 3.15 0.58 37542
聚飞光电 300303 5.91 3.14 0.18 1448908
久吾高科 300631 16.92 3.11 0.51 21270
百邦科技 300736 10.96 3.1 0.33 16170
中际旭创 300308 50.88 3.1 1.53 74035
江苏雷利 300660 16.05 3.08 0.48 11644
博腾股份 300363 14.07 3.08 0.42 59650
怡达股份 300721 18.77 3.08 0.56 32951
天喻信息 300205 11.09 3.07 0.33 76172
东方日升 300118 13.8 3.06 0.41 200095
斯迪克 300806 42.5 3.06 1.26 62566
长盈精密 300115 18.56 3.05 0.55 213513
中密控股 300470 26.02 3.05 0.77 25866
天孚通信 300394 37.24 3.04 1.1 19635
厚普股份 300471 9.2 3.02 0.27 80334
同大股份 300321 15.73 3.01 0.46 8103
中科信息 300678 22.69 3.0 0.66 31519
赛摩电气 300466 5.85 2.99 0.17 47856
金运激光 300220 38.23 2.99 1.11 21379
安硕信息 300380 19.98 2.99 0.58 17608
天翔环境 300362 2.77 2.97 0.08 124945
信息发展 300469 15.94 2.97 0.46 41550
数字认证 300579 38.92 2.96 1.12 31477
中亚股份 300512 11.47 2.96 0.33 11289
科创信息 300730 14.41 2.93 0.41 24838
飞鹿股份 300665 10.58 2.92 0.3 21115
麦捷科技 300319 12.12 2.89 0.34 184219
激智科技 300566 25.7 2.88 0.72 47869
奥飞数据 300738 32.4 2.86 0.9 14661
普利制药 300630 56.7 2.85 1.57 17722
红宇新材 300345 8.32 2.84 0.23 139266
长海股份 300196 10.86 2.84 0.3 67387
捷佳伟创 300724 36.71 2.83 1.01 26410
永贵电器 300351 8.74 2.82 0.24 38648
中元股份 300018 5.17 2.78 0.14 79645
濮阳惠成 300481 16.99 2.78 0.46 65355
恒实科技 300513 13.41 2.76 0.36 43375
力星股份 300421 6.72 2.75 0.18 27466
三维丝 300056 6.72 2.75 0.18 36919
鸿利智汇 300219 7.1 2.75 0.19 48447
安科瑞 300286 11.61 2.74 0.31 18903
隆利科技 300752 28.1 2.74 0.75 11110
芒果超媒 300413 34.11 2.74 0.91 67538
长信科技 300088 10.51 2.74 0.28 1447716
乾照光电 300102 4.88 2.74 0.13 132856
双杰电气 300444 5.26 2.73 0.14 170231
数码科技 300079 6.02 2.73 0.16 615019
隆华科技 300263 5.27 2.73 0.14 213401
路通视信 300555 9.42 2.73 0.25 21481
安居宝 300155 5.31 2.71 0.14 41503
聚光科技 300203 16.07 2.68 0.42 64245
西菱动力 300733 11.59 2.66 0.3 18931
安利股份 300218 7.78 2.64 0.2 38350
蓝晓科技 300487 36.58 2.64 0.94 33384
三六五网 300295 13.64 2.63 0.35 53834
中颖电子 300327 26.57 2.63 0.68 55719
中信出版 300788 47.73 2.62 1.22 10080
富满电子 300671 22.06 2.6 0.56 42261
任子行 300311 9.87 2.6 0.25 546993
雄帝科技 300546 28.04 2.6 0.71 12747
天瑞仪器 300165 4.74 2.6 0.12 40200
银河磁体 300127 18.57 2.6 0.47 68390
精准信息 300099 6.33 2.59 0.16 68529
信维通信 300136 43.38 2.58 1.09 212838
新晨科技 300542 15.14 2.57 0.38 29562
上海凯宝 300039 4.81 2.56 0.12 173748
晨化股份 300610 12.09 2.54 0.3 10186
捷捷微电 300623 26.66 2.54 0.66 109987
东宝生物 300239 4.85 2.54 0.12 63117
明阳电路 300739 18.32 2.52 0.45 27644
景嘉微 300474 58.65 2.52 1.44 86299
易华录 300212 33.68 2.5 0.82 35951
三五互联 300051 6.18 2.49 0.15 47739
雷曼光电 300162 8.7 2.47 0.21 147424
中泰股份 300435 10.78 2.47 0.26 15659
永福股份 300712 11.62 2.47 0.28 18851
中能电气 300062 5.4 2.47 0.13 25022
康旗股份 300061 6.68 2.45 0.16 74480
正业科技 300410 7.94 2.45 0.19 70259
恒通科技 300374 9.21 2.45 0.22 13404
拓尔思 300229 12.57 2.44 0.3 71635
扬帆新材 300637 11.79 2.43 0.28 20741
高澜股份 300499 11.81 2.43 0.28 11713
创意信息 300366 10.6 2.42 0.25 80912
中飞股份 300489 19.56 2.41 0.46 11765
新莱应材 300260 11.52 2.4 0.27 14401
富祥股份 300497 19.27 2.39 0.45 52591
双林股份 300100 6.01 2.39 0.14 33568
神雾环保 300156 1.72 2.38 0.04 271401
拉卡拉 300773 59.84 2.38 1.39 18874
中金环境 300145 3.46 2.37 0.08 162937
银禧科技 300221 6.07 2.36 0.14 224511
亿纬锂能 300014 54.25 2.36 1.25 294783
网宿科技 300017 9.55 2.36 0.22 359482
联得装备 300545 25.69 2.35 0.59 27661
天壕环境 300332 3.92 2.35 0.09 100018
彩讯股份 300634 17.45 2.35 0.4 18505
金明精机 300281 6.13 2.34 0.14 57137
宝色股份 300402 9.2 2.34 0.21 16258
盛天网络 300494 16.68 2.33 0.38 117162
光线传媒 300251 11.86 2.33 0.27 222081
华虹计通 300330 9.67 2.33 0.22 20659
深冷股份 300540 14.13 2.32 0.32 15857
智慧松德 300173 4.87 2.31 0.11 122181
三环集团 300408 22.18 2.31 0.5 120849
温州宏丰 300283 4.44 2.3 0.1 26702
天晟新材 300169 5.78 2.3 0.13 64801
通裕重工 300185 1.78 2.3 0.04 164743
华平股份 300074 4.48 2.28 0.1 47870
荃银高科 300087 8.98 2.28 0.2 40540
中孚信息 300659 60.32 2.27 1.34 16670
京天利 300399 14.01 2.26 0.31 38797
永利股份 300230 4.08 2.26 0.09 58998
科隆股份 300405 6.83 2.25 0.15 45657
富瑞特装 300228 5.03 2.24 0.11 56745
智莱科技 300771 59.1 2.23 1.29 12356
运达科技 300440 7.8 2.23 0.17 50675
汇纳科技 300609 37.79 2.19 0.81 5571
开能健康 300272 4.67 2.19 0.1 19190
GQY视讯 300076 6.55 2.18 0.14 80387
安控科技 300370 3.75 2.18 0.08 547598
德艺文创 300640 7.97 2.18 0.17 14836
向日葵 300111 2.35 2.17 0.05 75450
华仁药业 300110 4.23 2.17 0.09 255769
苏大维格 300331 21.22 2.17 0.45 45337
合康新能 300048 2.36 2.16 0.05 89850
世纪鼎利 300050 5.68 2.16 0.12 72253
瑞丰高材 300243 7.58 2.16 0.16 6635
吉大通信 300597 11.85 2.16 0.25 22018
东方电热 300217 2.37 2.16 0.05 112501
亚光科技 300123 7.59 2.15 0.16 224937
华瑞股份 300626 8.1 2.14 0.17 22959
朗玛信息 300288 12.4 2.14 0.26 35405
奥联电子 300585 15.28 2.14 0.32 110542
陇神戎发 300534 5.76 2.13 0.12 38274
理邦仪器 300206 7.23 2.12 0.15 41134
安靠智电 300617 22.19 2.12 0.46 2426
联创股份 300343 2.9 2.11 0.06 218758
天海防务 300008 2.94 2.08 0.06 100829
朗科智能 300543 22.55 2.08 0.46 15715
山鼎设计 300492 52.0 2.08 1.06 7241
九典制药 300705 12.28 2.08 0.25 21309
远方信息 300306 12.28 2.08 0.25 41967
正丹股份 300641 4.92 2.07 0.1 21127
乐凯新材 300446 17.75 2.07 0.36 37037
润和软件 300339 13.32 2.07 0.27 136494
东方网力 300367 4.45 2.06 0.09 224645
九洲电气 300040 5.46 2.06 0.11 22540
金力永磁 300748 39.24 2.05 0.79 103411
迦南科技 300412 6.46 2.05 0.13 20146
赛意信息 300687 15.93 2.05 0.32 22916
旋极信息 300324 5.48 2.05 0.11 222223
新开源 300109 16.44 2.05 0.33 35283
光环新网 300383 19.49 2.04 0.39 203383
山河药辅 300452 15.03 2.04 0.3 9006
川金诺 300505 23.06 2.04 0.46 12792
飞荣达 300602 42.88 2.02 0.85 31149
瑞凌股份 300154 5.55 2.02 0.11 18739
上海瀚讯 300762 51.51 2.02 1.02 7332
科融环境 300152 3.54 2.02 0.07 79174
大富科技 300134 14.72 2.01 0.29 92762
东土科技 300353 12.8 1.99 0.25 111114
晓程科技 300139 8.72 1.99 0.17 58418
联合光电 300691 19.0 1.99 0.37 21387
英可瑞 300713 13.38 1.98 0.26 21168
优德精密 300549 13.39 1.98 0.26 4934
汤臣倍健 300146 16.01 1.97 0.31 166257
爱司凯 300521 10.88 1.97 0.21 48278
力源信息 300184 7.78 1.97 0.15 260942
世纪瑞尔 300150 4.15 1.97 0.08 34015
三川智慧 300066 4.67 1.97 0.09 226538
利安隆 300596 34.8 1.96 0.67 8128
朗源股份 300175 6.25 1.96 0.12 37591
英唐智控 300131 5.23 1.95 0.1 187919
中威电子 300270 8.38 1.95 0.16 66818
一品红 300723 37.19 1.95 0.71 8318
宜通世纪 300310 5.24 1.95 0.1 113288
宇瞳光学 300790 42.57 1.94 0.81 18596
永清环保 300187 4.73 1.94 0.09 20826
凯利泰 300326 13.15 1.94 0.25 103275
太辰光 300570 26.83 1.94 0.51 35067
振芯科技 300101 8.96 1.93 0.17 69702
熙菱信息 300588 10.05 1.93 0.19 16295
华自科技 300490 10.58 1.93 0.2 34343
尚品宅配 300616 71.96 1.93 1.36 6056
北陆药业 300016 8.49 1.92 0.16 51086
易成新能 300080 5.32 1.92 0.1 39648
安诺其 300067 4.27 1.91 0.08 78732
拓斯达 300607 48.2 1.9 0.9 29069
鲁亿通 300423 12.86 1.9 0.24 18734
星星科技 300256 6.44 1.9 0.12 476047
台基股份 300046 15.58 1.9 0.29 98944
新天科技 300259 4.3 1.9 0.08 1038450
海波重科 300517 15.06 1.89 0.28 8599
长方集团 300301 3.78 1.89 0.07 109486
达威股份 300535 13.56 1.88 0.25 8948
金科文化 300459 3.28 1.86 0.06 897999
雅本化学 300261 4.38 1.86 0.08 119347
汉邦高科 300449 10.97 1.86 0.2 104878
迈为股份 300751 133.42 1.86 2.43 5604
乐歌股份 300729 24.72 1.85 0.45 40467
横河模具 300539 7.15 1.85 0.13 12718
恒锋信息 300605 12.67 1.85 0.23 25231
富春股份 300299 4.96 1.85 0.09 106772
广生堂 300436 33.1 1.85 0.6 13975
初灵信息 300250 12.69 1.85 0.23 25561
佳创视讯 300264 4.98 1.84 0.09 62234
派生科技 300176 8.87 1.84 0.16 65232
安车检测 300572 47.15 1.84 0.85 13604
冰川网络 300533 44.4 1.83 0.8 26042
融捷健康 300247 2.78 1.83 0.05 94159
朗新科技 300682 21.69 1.83 0.39 21461
世纪天鸿 300654 11.15 1.83 0.2 12565
科大国创 300520 17.92 1.82 0.32 23432
今天国际 300532 10.69 1.81 0.19 30635
蓝盾股份 300297 5.63 1.81 0.1 166273
仟源医药 300254 7.95 1.79 0.14 17142
润禾材料 300727 14.86 1.78 0.26 12590
硕贝德 300322 21.17 1.78 0.37 159924
双一科技 300690 25.23 1.77 0.44 12940
高新兴 300098 5.75 1.77 0.1 147352
梅安森 300275 12.08 1.77 0.21 47886
博晖创新 300318 4.06 1.75 0.07 12870
飞力达 300240 6.4 1.75 0.11 35578
天和防务 300397 29.1 1.75 0.5 102372
开立医疗 300633 23.3 1.75 0.4 15917
优博讯 300531 15.75 1.74 0.27 21029
富瀚微 300613 145.93 1.74 2.5 7427
高伟达 300465 9.36 1.74 0.16 78301
易联众 300096 10.54 1.74 0.18 104960
华伍股份 300095 5.87 1.73 0.1 35491
创业黑马 300688 22.38 1.73 0.38 10415
瑞特股份 300600 10.02 1.73 0.17 45934
天龙集团 300063 2.95 1.72 0.05 66384
特锐德 300001 17.2 1.71 0.29 123059
恒信东方 300081 10.7 1.71 0.18 226823
天山生物 300313 5.37 1.7 0.09 26007
天龙光电 300029 6.6 1.69 0.11 62580
开山股份 300257 11.42 1.69 0.19 26577
依米康 300249 6.62 1.69 0.11 95645
华测导航 300627 19.26 1.69 0.32 22194
蓝色光标 300058 5.43 1.69 0.09 247350
川环科技 300547 9.66 1.68 0.16 40490
四方精创 300468 35.8 1.68 0.59 152560
浩丰科技 300419 6.07 1.68 0.1 26024
凯发电气 300407 7.92 1.67 0.13 29281
国立科技 300716 10.41 1.66 0.17 28678
富邦股份 300387 9.8 1.66 0.16 15448
幸福蓝海 300528 6.74 1.66 0.11 23333
花园生物 300401 12.29 1.65 0.2 68985
蓝思科技 300433 14.15 1.65 0.23 355737
海伦钢琴 300329 8.01 1.65 0.13 12638
莱美药业 300006 5.55 1.65 0.09 163721
飞天诚信 300386 13.62 1.64 0.22 43622
仙乐健康 300791 58.2 1.64 0.94 6849
国民技术 300077 6.21 1.64 0.1 98461
苏试试验 300416 27.95 1.64 0.45 13485
广和通 300638 64.85 1.63 1.04 18066
宏达电子 300726 26.46 1.61 0.42 34512
鼎捷软件 300378 14.53 1.61 0.23 49543
同有科技 300302 12.65 1.61 0.2 128163
吴通控股 300292 5.09 1.6 0.08 213294
方直科技 300235 12.73 1.6 0.2 37255
吉药控股 300108 3.82 1.6 0.06 56939
华力创通 300045 8.93 1.59 0.14 45545
清水源 300437 10.23 1.59 0.16 13252
津膜科技 300334 7.04 1.59 0.11 15685
透景生命 300642 40.37 1.59 0.63 5272
中简科技 300777 30.25 1.58 0.47 11833
蠡湖股份 300694 15.45 1.58 0.24 113762
三雄极光 300625 16.1 1.58 0.25 20199
联建光电 300269 5.17 1.57 0.08 332295
飞利信 300287 3.88 1.57 0.06 227738
欧普康视 300595 48.53 1.57 0.75 26601
三德科技 300515 9.72 1.57 0.15 18524
雪榕生物 300511 6.48 1.57 0.1 28899
锐科激光 300747 104.49 1.56 1.61 7800
润欣科技 300493 9.1 1.56 0.14 181482
左江科技 300799 104.28 1.56 1.6 13708
硅宝科技 300019 9.78 1.56 0.15 82050
鼎汉技术 300011 5.87 1.56 0.09 23553
华星创业 300025 5.23 1.55 0.08 72090
银邦股份 300337 3.27 1.55 0.05 111146
恒锋工具 300488 15.76 1.55 0.24 5443
华鹏飞 300350 5.26 1.54 0.08 46585
东方财富 300059 15.19 1.54 0.23 1162351
海兰信 300065 11.92 1.53 0.18 24336
华宝股份 300741 30.09 1.52 0.45 5627
新雷能 300593 18.24 1.5 0.27 25758
澄天伟业 300689 40.69 1.5 0.6 8695
朗科科技 300042 14.94 1.49 0.22 28894
福瑞股份 300049 7.48 1.49 0.11 25012
美力科技 300611 9.53 1.49 0.14 11198
泰胜风能 300129 4.77 1.49 0.07 44481
雄塑科技 300599 10.26 1.48 0.15 10066
帝尔激光 300776 137.59 1.48 2.0 6946
森远股份 300210 3.44 1.47 0.05 45849
迈克生物 300463 26.87 1.47 0.39 16575
万里马 300591 5.55 1.46 0.08 26979
和仁科技 300550 29.16 1.46 0.42 13507
巴安水务 300262 4.86 1.46 0.07 48645
麦克奥迪 300341 16.03 1.46 0.23 257876
慈星股份 300307 4.9 1.45 0.07 93770
兴源环境 300266 3.5 1.45 0.05 144780
三丰智能 300276 7.73 1.44 0.11 24487
潜能恒信 300191 21.81 1.44 0.31 19665
万达信息 300168 16.19 1.44 0.23 142035
银江股份 300020 8.45 1.44 0.12 54227
欣天科技 300615 20.51 1.43 0.29 21807
电科院 300215 6.37 1.43 0.09 24364
龙源技术 300105 4.26 1.43 0.06 28064
数字政通 300075 11.41 1.42 0.16 52624
雷迪克 300652 20.03 1.42 0.28 2527
全通教育 300359 5.74 1.41 0.08 67742
赛为智能 300044 6.49 1.41 0.09 54513
腾信股份 300392 7.23 1.4 0.1 28274
天玑科技 300245 9.41 1.4 0.13 27990
金盾股份 300411 7.25 1.4 0.1 14478
数知科技 300038 8.71 1.4 0.12 139440
天源迪科 300047 7.99 1.4 0.11 127129
中山金马 300756 34.19 1.39 0.47 4270
神农科技 300189 3.65 1.39 0.05 53106
万邦达 300055 6.64 1.37 0.09 55271
嘉寓股份 300117 3.69 1.37 0.05 39367
扬杰科技 300373 17.74 1.37 0.24 115806
纳川股份 300198 4.44 1.37 0.06 149999
海默科技 300084 4.46 1.36 0.06 23356
国瓷材料 300285 23.1 1.36 0.31 48497
光韵达 300227 12.68 1.36 0.17 33703
同花顺 300033 106.57 1.34 1.41 78652
常山药业 300255 5.3 1.34 0.07 59407
宇信科技 300674 25.75 1.34 0.34 13885
青松股份 300132 9.87 1.33 0.13 39095
星辉娱乐 300043 5.32 1.33 0.07 323918
万马科技 300698 16.77 1.33 0.22 24281
通光线缆 300265 7.64 1.33 0.1 16153
建科院 300675 14.54 1.32 0.19 13555
华灿光电 300323 6.89 1.32 0.09 298566
江龙船艇 300589 13.04 1.32 0.17 24425
吉艾科技 300309 4.61 1.32 0.06 134339
金卡智能 300349 15.39 1.32 0.2 55760
三聚环保 300072 6.19 1.31 0.08 286281
科大智能 300222 9.29 1.31 0.12 43227
五洋停车 300420 5.45 1.3 0.07 91013
建新股份 300107 7.03 1.3 0.09 42883
锐奇股份 300126 5.47 1.3 0.07 16007
丝路视觉 300556 17.22 1.29 0.22 24792
兆日科技 300333 10.29 1.28 0.13 84396
立思辰 300010 12.67 1.28 0.16 263477
聚灿光电 300708 13.47 1.28 0.17 33841
西部牧业 300106 6.41 1.26 0.08 25291
绿盟科技 300369 18.52 1.26 0.23 38696
金石亚药 300434 7.25 1.26 0.09 8584
思特奇 300608 16.93 1.26 0.21 11291
汇川技术 300124 29.09 1.25 0.36 63427
七彩化学 300758 37.28 1.25 0.46 12539
中航电测 300114 11.37 1.25 0.14 82738
先进数通 300541 21.97 1.24 0.27 62153
新文化 300336 4.07 1.24 0.05 84666
和佳股份 300273 4.89 1.24 0.06 72515
泰和科技 300801 37.52 1.24 0.46 18147
神州泰岳 300002 3.28 1.23 0.04 140955
荣科科技 300290 6.58 1.23 0.08 47636
汉得信息 300170 9.89 1.23 0.12 124694
佳士科技 300193 8.25 1.23 0.1 18785
金信诺 300252 9.1 1.22 0.11 41547
银之杰 300085 15.79 1.22 0.19 105668
安达维尔 300719 11.67 1.21 0.14 20987
每日互动 300766 33.4 1.21 0.4 6891
天地数码 300743 20.08 1.21 0.24 10382
神宇股份 300563 27.75 1.2 0.33 6063
卫宁健康 300253 15.15 1.2 0.18 127374
汉嘉设计 300746 13.51 1.2 0.16 12408
设研院 300732 16.92 1.2 0.2 6619
聚隆科技 300475 11.02 1.19 0.13 10602
卓胜微 300782 424.03 1.19 5.0 9339
通源石油 300164 5.09 1.19 0.06 34250
中潜股份 300526 52.82 1.19 0.62 4072
浩云科技 300448 7.67 1.19 0.09 121204
舒泰神 300204 11.1 1.19 0.13 7661
国联水产 300094 4.27 1.18 0.05 35769
新美星 300509 9.4 1.18 0.11 5391
天银机电 300342 9.42 1.18 0.11 57176
腾邦国际 300178 5.16 1.18 0.06 61312
中建环能 300425 4.33 1.17 0.05 17437
汉宇集团 300403 5.2 1.17 0.06 32126
美晨生态 300237 2.6 1.17 0.03 182494
宝利国际 300135 2.61 1.16 0.03 39217
经纬辉开 300120 6.1 1.16 0.07 37017
紫天科技 300280 16.58 1.16 0.19 25132
晨曦航空 300581 15.73 1.16 0.18 24270
中环环保 300692 12.29 1.15 0.14 16938
捷成股份 300182 3.56 1.14 0.04 363190
农尚环境 300536 7.19 1.13 0.08 17381
辰安科技 300523 44.36 1.12 0.49 9132
电连技术 300679 38.93 1.12 0.43 47933
华宇软件 300271 25.35 1.12 0.28 107227
全信股份 300447 9.99 1.11 0.11 14937
新余国科 300722 20.91 1.11 0.23 5348
先锋新材 300163 3.64 1.11 0.04 35989
邦讯技术 300312 5.49 1.1 0.06 148135
科斯伍德 300192 14.66 1.1 0.16 54961
集智股份 300553 36.75 1.1 0.4 1516
立华股份 300761 57.05 1.1 0.62 11680
启迪设计 300500 14.82 1.09 0.16 10281
三诺生物 300298 14.85 1.09 0.16 40935
天邑股份 300504 22.43 1.08 0.24 19995
机器人 300024 14.1 1.08 0.15 88906
创源文化 300703 12.25 1.07 0.13 33085
新光药业 300519 13.25 1.07 0.14 4702
北信源 300352 7.6 1.06 0.08 617204
海特生物 300683 29.6 1.06 0.31 3023
先河环保 300137 7.66 1.06 0.08 80082
正元智慧 300645 14.37 1.05 0.15 17619
维宏股份 300508 28.75 1.05 0.3 9114
阳光电源 300274 10.56 1.05 0.11 140616
金雷股份 300443 13.47 1.05 0.14 18464
吉峰科技 300022 3.85 1.05 0.04 75006
华谊兄弟 300027 4.83 1.05 0.05 360949
汇金科技 300561 16.55 1.04 0.17 94930
三角防务 300775 34.38 1.03 0.35 21537
中环装备 300140 10.88 1.02 0.11 41786
海伦哲 300201 3.99 1.01 0.04 110488
顶固集创 300749 12.02 1.01 0.12 10539
海辰药业 300584 27.18 1.0 0.27 5801
日科化学 300214 8.12 1.0 0.08 36173
华中数控 300161 14.22 0.99 0.14 8897
恒泰艾普 300157 4.08 0.99 0.04 37750
迪普科技 300768 35.77 0.99 0.35 13026
科新机电 300092 7.16 0.99 0.07 15390
科蓝软件 300663 25.68 0.98 0.25 52373
太龙照明 300650 17.49 0.98 0.17 7498
美康生物 300439 13.42 0.98 0.13 9030
万顺新材 300057 6.2 0.98 0.06 124210
杭州园林 300649 19.69 0.97 0.19 3323
思创医惠 300078 12.52 0.97 0.12 84653
裕兴股份 300305 8.41 0.96 0.08 7246
华策影视 300133 7.51 0.94 0.07 134143
雪浪环境 300385 11.82 0.94 0.11 11352
民德电子 300656 21.57 0.94 0.2 14653
恒华科技 300365 13.11 0.92 0.12 27608
胜宏科技 300476 16.46 0.92 0.15 96728
中国应急 300527 11.01 0.92 0.1 47615
金冠股份 300510 6.62 0.91 0.06 176436
杰恩设计 300668 16.6 0.91 0.15 11655
迈瑞医疗 300760 176.1 0.89 1.55 47401
英飞特 300582 11.37 0.89 0.1 25284
药石科技 300725 65.85 0.87 0.57 11587
科信技术 300565 11.7 0.86 0.1 38269
筑博设计 300564 36.29 0.86 0.31 23241
维业股份 300621 10.61 0.86 0.09 9584
金陵体育 300651 27.73 0.84 0.23 5081
英搏尔 300681 33.9 0.83 0.28 3419
中光防雷 300414 12.15 0.83 0.1 31555
深信服 300454 116.85 0.83 0.96 17031
泰格医药 300347 61.79 0.82 0.5 33436
贝达药业 300558 66.9 0.81 0.54 19747
回天新材 300041 9.95 0.81 0.08 35327
钢研高纳 300034 16.17 0.81 0.13 37655
超图软件 300036 19.97 0.81 0.16 65192
佐力药业 300181 5.0 0.81 0.04 32908
中电环保 300172 5.03 0.8 0.04 22438
科锐国际 300662 30.28 0.8 0.24 14262
碧水源 300070 7.57 0.8 0.06 238287
佳云科技 300242 3.83 0.79 0.03 69643
新城市 300778 41.05 0.79 0.32 7908
移为通信 300590 36.28 0.78 0.28 29525
我武生物 300357 44.07 0.78 0.34 71028
福安药业 300194 5.32 0.76 0.04 251146
天舟文化 300148 4.0 0.76 0.03 206191
罗博特科 300757 32.25 0.75 0.24 4249
尔康制药 300267 5.38 0.75 0.04 123784
冠昊生物 300238 18.92 0.75 0.14 36296
维尔利 300190 6.8 0.74 0.05 54013
艾比森 300389 11.07 0.73 0.08 30491
华辰装备 300809 27.88 0.72 0.2 30645
大烨智能 300670 8.42 0.72 0.06 21192
赢时胜 300377 11.28 0.71 0.08 142848
东富龙 300171 7.09 0.71 0.05 15070
博世科 300422 10.11 0.7 0.07 29546
迪森股份 300335 5.78 0.7 0.04 46715
沃森生物 300142 30.49 0.69 0.21 74647
英科医疗 300677 15.98 0.69 0.11 9123
上海钢联 300226 75.06 0.68 0.51 17199
美亚柏科 300188 16.19 0.68 0.11 44428
利德曼 300289 5.9 0.68 0.04 16400
电声股份 300805 22.25 0.68 0.15 46214
量子生物 300149 13.36 0.68 0.09 22927
新诺威 300765 34.51 0.67 0.23 6890
宣亚国际 300612 16.63 0.67 0.11 11322
达刚控股 300103 9.17 0.66 0.06 22287
兆丰股份 300695 58.45 0.65 0.38 3506
中石科技 300684 26.4 0.65 0.17 28115
爱乐达 300696 23.33 0.65 0.15 9012
全志科技 300458 33.09 0.64 0.21 184509
惠城环保 300779 27.2 0.63 0.17 9298
东方国信 300166 12.95 0.62 0.08 136361
金太阳 300606 21.19 0.62 0.13 10036
洲明科技 300232 10.04 0.6 0.06 258397
凯普生物 300639 23.44 0.6 0.14 25693
开润股份 300577 33.53 0.6 0.2 10414
瑞丰光电 300241 6.73 0.6 0.04 302390
红日药业 300026 3.42 0.59 0.02 121368
沪宁股份 300669 27.43 0.59 0.16 7073
康泰生物 300601 86.49 0.58 0.5 23736
华致酒行 300755 22.52 0.58 0.13 23694
力合科技 300800 68.09 0.58 0.39 10659
乐心医疗 300562 16.27 0.56 0.09 192185
汉威科技 300007 16.69 0.54 0.09 245577
盈康生命 300143 9.45 0.53 0.05 33395
新研股份 300159 3.92 0.51 0.02 113749
博士眼镜 300622 19.95 0.5 0.1 10939
宋城演艺 300144 30.24 0.5 0.15 33305
平治信息 300571 51.91 0.48 0.25 10915
同和药业 300636 27.18 0.48 0.13 7423
健帆生物 300529 69.14 0.48 0.33 16223
开元股份 300338 10.66 0.47 0.05 37081
贝斯特 300580 15.21 0.46 0.07 15743
昌红科技 300151 9.1 0.44 0.04 44691
云意电气 300304 4.62 0.43 0.02 264694
中旗股份 300575 28.61 0.42 0.12 29929
晨光生物 300138 7.38 0.41 0.03 46964
博创科技 300548 71.59 0.41 0.29 10969
亿联网络 300628 72.13 0.4 0.29 20020
贝斯美 300796 25.34 0.4 0.1 27875
创业慧康 300451 18.06 0.39 0.07 82581
会畅通讯 300578 26.0 0.39 0.1 45331
三盛教育 300282 7.84 0.38 0.03 63382
华谊嘉信 300071 2.62 0.38 0.01 140279
三只松鼠 300783 62.51 0.34 0.21 14393
艾德生物 300685 66.38 0.33 0.22 13882
九强生物 300406 15.77 0.32 0.05 41554
万兴科技 300624 66.31 0.32 0.21 15219
华大基因 300676 64.99 0.31 0.2 43494
沃施股份 300483 36.1 0.28 0.1 6967
海顺新材 300501 11.82 0.25 0.03 7164
劲胜智能 300083 4.03 0.25 0.01 515668
中文在线 300364 4.16 0.24 0.01 273170
振东制药 300158 4.74 0.21 0.01 101446
爱朋医疗 300753 39.63 0.2 0.08 9480
大禹节水 300021 5.34 0.19 0.01 116504
德恩精工 300780 22.77 0.13 0.03 39459
海川智能 300720 15.73 0.13 0.02 16283
华铭智能 300462 25.52 0.12 0.03 19906
菲利华 300395 20.67 0.1 0.02 26551
华凯创意 300592 11.77 0.09 0.01 33991
理工光科 300557 27.1 0.07 0.02 9049
天能重工 300569 14.75 0.07 0.01 27338
立昂技术 300603 17.59 0.06 0.01 29894
新媒股份 300770 116.84 0.03 0.04 14423
易天股份 300812 "-" "-" "-" "-"
铂科新材 300811 "-" "-" "-" "-"
凯伦股份 300715 "-" "-" "-" "-"
康斯特 300445 17.01 0.0 0.0 47425
欣泰退 300372 "-" "-" "-" "-"
利亚德 300296 7.21 0.0 0.0 421796
苏交科 300284 8.02 0.0 0.0 51981
千山药机 300216 "-" "-" "-" "-"
大华农 300186 "-" "-" "-" "-"
秀强股份 300160 3.77 0.0 0.0 203264
易世达 300125 17.49 0.0 0.0 29161
坚瑞沃能 300116 "-" "-" "-" "-"
乐视网 300104 "-" "-" "-" "-"
金亚科技 300028 "-" "-" "-" "-"
宝德股份 300023 7.48 0.0 0.0 47803
东杰智能 300486 20.04 -0.05 -0.01 19549
中达安 300635 15.58 -0.06 -0.01 12106
安科生物 300009 14.99 -0.07 -0.01 48638
佳沃股份 300268 13.1 -0.08 -0.01 8146
聚龙股份 300202 11.26 -0.09 -0.01 181004
华峰超纤 300180 8.67 -0.12 -0.01 61470
运达股份 300772 15.93 -0.13 -0.02 26812
阳谷华泰 300121 7.09 -0.14 -0.01 12859
乐普医疗 300003 33.28 -0.15 -0.05 130825
航新科技 300424 15.99 -0.19 -0.03 22494
天铁股份 300587 14.75 -0.2 -0.03 28750
金城医药 300233 19.48 -0.2 -0.04 6913
国科微 300672 39.47 -0.23 -0.09 49772
杭州高新 300478 11.68 -0.26 -0.03 24120
开尔新材 300234 11.5 -0.26 -0.03 61636
金刚玻璃 300093 10.79 -0.28 -0.03 26453
国林科技 300786 52.45 -0.29 -0.15 10076
新元科技 300472 13.51 -0.3 -0.04 24454
唐源电气 300789 89.63 -0.3 -0.27 20110
铁汉生态 300197 3.05 -0.33 -0.01 134049
金力泰 300225 5.97 -0.33 -0.02 70961
钢研纳克 300797 23.85 -0.42 -0.1 115163
久量股份 300808 26.73 -0.45 -0.12 49657
名家汇 300506 8.78 -0.45 -0.04 65321
天宇股份 300702 51.09 -0.47 -0.24 18264
米奥兰特 300795 28.88 -0.52 -0.15 19364
智飞生物 300122 48.34 -0.53 -0.26 55918
国祯环保 300388 10.8 -0.55 -0.06 102462
御家汇 300740 8.77 -0.57 -0.05 40477
达志科技 300530 34.28 -0.58 -0.2 5875
超频三 300647 13.64 -0.58 -0.08 44005
正海生物 300653 71.23 -0.59 -0.42 7372
矩子科技 300802 53.47 -0.61 -0.33 39224
昊志机电 300503 11.19 -0.62 -0.07 25362
延江股份 300658 14.7 -0.81 -0.12 19093
因赛集团 300781 32.19 -0.86 -0.28 24419
新劲刚 300629 18.78 -0.9 -0.17 36586
精锻科技 300258 10.76 -0.92 -0.1 13179
金通灵 300091 4.2 -0.94 -0.04 385731
赛托生物 300583 32.53 -0.94 -0.31 9672
汉鼎宇佑 300300 9.41 -0.95 -0.09 253567
光莆股份 300632 24.38 -1.02 -0.25 69243
斯莱克 300382 5.82 -1.02 -0.06 123695
广哈通信 300711 15.03 -1.05 -0.16 22127
青岛中程 300208 7.2 -1.1 -0.08 35476
盛讯达 300518 27.13 -1.13 -0.31 49143
久之洋 300516 30.39 -1.2 -0.37 16626
温氏股份 300498 32.79 -1.32 -0.44 197266
万通智控 300643 25.61 -1.42 -0.37 254653
海能实业 300787 67.9 -1.48 -1.02 87368
康拓红外 300455 10.68 -1.66 -0.18 139729
田中精机 300461 21.91 -1.66 -0.37 25578
爱尔眼科 300015 38.49 -1.66 -0.65 193255
瑞普生物 300119 14.29 -1.72 -0.25 72434
美尚生态 300495 11.39 -1.73 -0.2 187277
合纵科技 300477 7.59 -1.81 -0.14 166650
万集科技 300552 79.8 -1.95 -1.59 22139
康龙化成 300759 51.45 -2.0 -1.05 17200
金利华电 300069 15.5 -2.08 -0.33 27119
佳禾智能 300793 52.4 -2.15 -1.15 63395
迪安诊断 300244 20.76 -2.21 -0.47 88717
德威新材 300325 3.44 -2.27 -0.08 341536
劲拓股份 300400 14.22 -2.47 -0.36 137472
汇中股份 300371 12.6 -2.48 -0.32 38188
长盛轴承 300718 21.0 -3.09 -0.67 27985
锦鸡股份 300798 17.76 -3.11 -0.57 86212
元力股份 300174 16.2 -3.11 -0.52 47923
万讯自控 300112 11.38 -3.15 -0.37 656323
文化长城 300089 3.63 -3.2 -0.12 535414
必创科技 300667 31.33 -3.27 -1.06 70868
惠伦晶体 300460 14.64 -3.49 -0.53 201765
南华仪器 300417 44.8 -3.76 -1.75 53453
东方通 300379 48.94 -4.02 -2.05 273052
科创新源 300731 27.87 -4.03 -1.17 50109
友讯达 300514 12.83 -4.04 -0.54 103572
易事特 300376 4.69 -4.29 -0.21 287745
兴齐眼药 300573 73.95 -4.43 -3.43 32209
鲍斯股份 300441 9.65 -4.55 -0.46 237181
富临精工 300432 10.23 -4.57 -0.49 332577
中海达 300177 8.32 -4.81 -0.42 281881
指南针 300803 41.0 -4.87 -2.1 238421
光弘科技 300735 26.33 -4.91 -1.36 193268
香雪制药 300147 8.64 -7.1 -0.66 600903
苏奥传感 300507 15.11 -9.74 -1.63 196207
中科海讯 300810 91.0 -10.0 -10.11 13606
