天奈科技 688116 32.48 12.9 3.71 102606
联瑞新材 688300 43.85 12.67 4.93 40855
嘉元科技 688388 50.8 11.6 5.28 55067
容百科技 688005 28.73 7.28 1.95 38665
杭可科技 688006 40.93 5.54 2.15 21825
中微公司 688012 79.1 4.89 3.69 27273
华兴源创 688001 44.2 4.74 2.0 50710
博瑞医药 688166 30.8 4.41 1.3 13558
柏楚电子 688188 151.3 4.32 6.27 10512
晶丰明源 688368 86.76 4.15 3.46 6370
金山办公 688111 163.2 3.95 6.2 15248
航天宏图 688066 36.88 3.83 1.36 15333
方邦股份 688020 91.0 3.69 3.24 7102
虹软科技 688088 47.29 3.3 1.51 16396
安集科技 688019 122.86 3.24 3.86 5751
奥福环保 688021 33.36 3.12 1.01 17804
天宜上佳 688033 26.77 3.12 0.81 16044
热景生物 688068 45.9 3.03 1.35 9000
西部超导 688122 31.84 2.74 0.85 15193
交控科技 688015 31.76 2.72 0.84 11581
清溢光电 688138 16.3 2.52 0.4 55918
光峰科技 688007 27.49 2.42 0.65 14312
建龙微纳 688357 48.7 2.4 1.14 12225
天准科技 688003 28.67 2.32 0.65 17246
山石网科 688030 43.9 2.26 0.97 29478
福光股份 688010 41.81 2.25 0.92 12805
迈得医疗 688310 29.01 2.22 0.63 17563
乐鑫科技 688018 164.77 2.21 3.57 7402
申联生物 688098 16.2 2.21 0.35 22789
睿创微纳 688002 37.8 2.16 0.8 31501
宝兰德 688058 101.85 2.08 2.08 7238
瀚川智能 688022 42.65 2.03 0.85 9001
嘉必优 688089 40.18 2.01 0.79 56420
江苏北人 688218 29.02 2.0 0.57 25666
传音控股 688036 41.5 1.99 0.81 21226
安博通 688168 102.5 1.95 1.96 6213
新光光电 688011 41.1 1.93 0.78 7958
三达膜 688101 19.71 1.86 0.36 37413
南微医学 688029 156.0 1.85 2.84 5385
卓易信息 688258 90.52 1.82 1.62 26559
致远互联 688369 58.75 1.82 1.05 8443
卓越新能 688196 40.09 1.8 0.71 10728
华熙生物 688363 80.2 1.8 1.42 16734
沃尔德 688028 63.51 1.75 1.09 11313
晶晨股份 688099 53.8 1.7 0.9 13297
久日新材 688199 60.19 1.69 1.0 9561
微芯生物 688321 54.55 1.68 0.9 12862
长阳科技 688299 17.28 1.65 0.28 30832
普门科技 688389 16.2 1.63 0.26 16200
中国通号 688009 6.89 1.62 0.11 186537
铂力特 688333 54.17 1.61 0.86 6828
杰普特 688025 41.45 1.44 0.59 12271
赛诺医疗 688108 16.38 1.42 0.23 33574
海尔生物 688139 27.78 1.35 0.37 19793
祥生医疗 688358 46.45 1.31 0.6 9850
鸿泉物联 688288 32.72 1.3 0.42 21198
普元信息 688118 42.57 1.28 0.54 27558
安恒信息 688023 149.87 1.2 1.77 7972
中国电研 688128 19.52 1.19 0.23 17486
美迪西 688202 57.42 1.18 0.67 5053
当虹科技 688039 84.53 1.05 0.88 21228
澜起科技 688008 69.32 1.01 0.69 23244
昊海生科 688366 85.27 0.91 0.77 2818
聚辰股份 688123 80.2 0.84 0.67 88886
心脉医疗 688016 142.49 0.45 0.64 5611
硕世生物 688399 58.77 0.32 0.19 14046
佰仁医疗 688198 44.15 0.14 0.06 23680
华特气体 688268 "-" "-" "-" "-"
八亿时空 688181 "-" "-" "-" "-"
万德斯 688178 "-" "-" "-" "-"
兴图新科 688081 "-" "-" "-" "-"
龙软科技 688078 "-" "-" "-" "-"
芯源微 688037 68.0 0.0 0.0 34536
