N甬金 603995 32.43 44.01 9.91 10691
聚辰股份 688123 80.2 0.84 0.67 88886
中新集团 601512 15.98 4.38 0.67 837369
嘉必优 688089 40.18 2.01 0.79 56420
天迈科技 300807 33.89 10.0 3.08 320
成都燃气 603053 20.93 -5.04 -1.11 452545
锐明技术 002970 88.12 10.0 8.01 7013
芯源微 688037 68.0 0.0 0.0 34536
江苏北人 688218 29.02 2.0 0.57 25666
当虹科技 688039 84.53 1.05 0.88 21228
邮储银行 601658 5.8 -0.34 -0.02 1311897
卓易信息 688258 90.52 1.82 1.62 26559
佰仁医疗 688198 44.15 0.14 0.06 23680
中科海讯 300810 91.0 -10.0 -10.11 13606
硕世生物 688399 58.77 0.32 0.19 14046
建龙微纳 688357 48.7 2.4 1.14 12225
普元信息 688118 42.57 1.28 0.54 27558
华辰装备 300809 27.88 0.72 0.2 30645
祥生医疗 688358 46.45 1.31 0.6 9850
迈得医疗 688310 29.01 2.22 0.63 17563
新大正 002968 64.77 -6.54 -4.53 45602
嘉美包装 002969 13.58 -3.28 -0.46 298332
久量股份 300808 26.73 -0.45 -0.12 49657
泰和科技 300801 37.52 1.24 0.46 18147
浙商银行 601916 4.78 0.0 0.0 987061
通达电气 603390 20.08 -5.55 -1.18 350034
斯迪克 300806 42.5 3.06 1.26 62566
锦鸡股份 300798 17.76 -3.11 -0.57 86212
卓越新能 688196 40.09 1.8 0.71 10728
电声股份 300805 22.25 0.68 0.15 46214
清溢光电 688138 16.3 2.52 0.4 55918
金山办公 688111 163.2 3.95 6.2 15248
指南针 300803 41.0 -4.87 -2.1 238421
联瑞新材 688300 43.85 12.67 4.93 40855
三达膜 688101 19.71 1.86 0.36 37413
贝斯美 300796 25.34 0.4 0.1 27875
矩子科技 300802 53.47 -0.61 -0.33 39224
八方股份 603489 109.14 -0.35 -0.38 21261
博瑞医药 688166 30.8 4.41 1.3 13558
筑博设计 300564 36.29 0.86 0.31 23241
广电计量 002967 31.0 0.45 0.14 145763
华熙生物 688363 80.2 1.8 1.42 16734
长阳科技 688299 17.28 1.65 0.28 30832
鸿泉物联 688288 32.72 1.3 0.42 21198
奥福环保 688021 33.36 3.12 1.01 17804
力合科技 300800 68.09 0.58 0.39 10659
普门科技 688389 16.2 1.63 0.26 16200
美迪西 688202 57.42 1.18 0.67 5053
久日新材 688199 60.19 1.69 1.0 9561
中国电研 688128 19.52 1.19 0.23 17486
安恒信息 688023 149.87 1.2 1.77 7972
宝兰德 688058 101.85 2.08 2.08 7238
钢研纳克 300797 23.85 -0.42 -0.1 115163
致远互联 688369 58.75 1.82 1.05 8443
杰普特 688025 41.45 1.44 0.59 12271
昊海生科 688366 85.27 0.91 0.77 2818
赛诺医疗 688108 16.38 1.42 0.23 33574
麒盛科技 603610 45.56 0.91 0.41 16782
渝农商行 601077 6.74 0.15 0.01 402183
左江科技 300799 104.28 1.56 1.6 13708
申联生物 688098 16.2 2.21 0.35 22789
豪尔赛 002963 34.0 -0.12 -0.04 29014
海尔生物 688139 27.78 1.35 0.37 19793
祥鑫科技 002965 34.0 2.32 0.77 65638
米奥兰特 300795 28.88 -0.52 -0.15 19364
交建股份 603815 18.23 1.0 0.18 76821
佳禾智能 300793 52.4 -2.15 -1.15 63395
科博达 603786 53.68 1.47 0.78 29067
晶丰明源 688368 86.76 4.15 3.46 6370
热景生物 688068 45.9 3.03 1.35 9000
传音控股 688036 41.5 1.99 0.81 21226
山石网科 688030 43.9 2.26 0.97 29478
壹网壹创 300792 157.29 5.65 8.41 20309
天奈科技 688116 32.48 12.9 3.71 102606
仙乐健康 300791 58.2 1.64 0.94 6849
宇瞳光学 300790 42.57 1.94 0.81 18596
五方光电 002962 38.95 1.17 0.45 47384
中科软 603927 70.6 1.44 1.0 20773
安博通 688168 102.5 1.95 1.96 6213
瑞达期货 002961 37.33 1.97 0.72 63140
南华期货 603093 26.22 -0.3 -0.08 145119
日辰股份 603755 47.54 -0.44 -0.21 8617
唐源电气 300789 89.63 -0.3 -0.27 20110
松霖科技 603992 19.75 0.61 0.12 13311
中国广核 003816 3.61 0.56 0.02 322735
小熊电器 002959 69.16 2.84 1.91 34636
海能实业 300787 67.9 -1.48 -1.02 87368
微芯生物 688321 54.55 1.68 0.9 12862
海星股份 603115 20.29 1.76 0.35 22351
青鸟消防 002960 26.29 1.23 0.32 13345
柏楚电子 688188 151.3 4.32 6.27 10512
晶晨股份 688099 53.8 1.7 0.9 13297
柯力传感 603662 54.18 -5.06 -2.89 73629
神马电力 603530 21.01 0.57 0.12 30821
苏州银行 002966 10.14 1.3 0.13 568462
国联股份 603613 70.08 1.01 0.7 10420
景津环保 603279 20.88 0.63 0.13 9804
大胜达 603687 16.71 1.58 0.26 106785
科瑞技术 002957 34.03 4.04 1.32 36654
丸美股份 603983 62.13 1.52 0.93 9239
国林科技 300786 52.45 -0.29 -0.15 10076
嘉元科技 688388 50.8 11.6 5.28 55067
铂力特 688333 54.17 1.61 0.86 6828
西部超导 688122 31.84 2.74 0.85 15193
虹软科技 688088 47.29 3.3 1.51 16396
航天宏图 688066 36.88 3.83 1.36 15333
天宜上佳 688033 26.77 3.12 0.81 16044
南微医学 688029 156.0 1.85 2.84 5385
沃尔德 688028 63.51 1.75 1.09 11313
瀚川智能 688022 42.65 2.03 0.85 9001
方邦股份 688020 91.0 3.69 3.24 7102
安集科技 688019 122.86 3.24 3.86 5751
乐鑫科技 688018 164.77 2.21 3.57 7402
心脉医疗 688016 142.49 0.45 0.64 5611
交控科技 688015 31.76 2.72 0.84 11581
中微公司 688012 79.1 4.89 3.69 27273
新光光电 688011 41.1 1.93 0.78 7958
福光股份 688010 41.81 2.25 0.92 12805
中国通号 688009 6.89 1.62 0.11 186537
澜起科技 688008 69.32 1.01 0.69 23244
光峰科技 688007 27.49 2.42 0.65 14312
杭可科技 688006 40.93 5.54 2.15 21825
容百科技 688005 28.73 7.28 1.95 38665
天准科技 688003 28.67 2.32 0.65 17246
睿创微纳 688002 37.8 2.16 0.8 31501
华兴源创 688001 44.2 4.74 2.0 50710
宏和科技 603256 15.25 1.4 0.21 37978
移远通信 603236 145.0 -1.09 -1.6 11551
值得买 300785 115.58 5.09 5.6 12391
三只松鼠 300783 62.51 0.34 0.21 14393
红塔证券 601236 16.35 1.68 0.27 442723
中信出版 300788 47.73 2.62 1.22 10080
中国卫通 601698 11.13 1.09 0.12 182816
新化股份 603867 23.63 1.5 0.35 12181
海油发展 600968 2.92 0.69 0.02 319380
松炀资源 603863 15.84 2.13 0.33 33603
朗进科技 300594 35.01 4.04 1.36 23267
元利科技 603217 47.51 0.93 0.44 5076
西麦食品 002956 53.52 0.94 0.5 11418
卓胜微 300782 424.03 1.19 5.0 9339
国茂股份 603915 15.21 0.93 0.14 38752
因赛集团 300781 32.19 -0.86 -0.28 24419
德恩精工 300780 22.77 0.13 0.03 39459
福蓉科技 603327 26.03 1.6 0.41 24445
鸿合科技 002955 56.98 0.55 0.31 12587
泉峰汽车 603982 22.2 1.0 0.22 147441
惠城环保 300779 27.2 0.63 0.17 9298
三角防务 300775 34.38 1.03 0.35 21537
帝尔激光 300776 137.59 1.48 2.0 6946
宝丰能源 600989 9.43 0.75 0.07 68991
中简科技 300777 30.25 1.58 0.47 11833
鸿远电子 603267 47.56 1.65 0.77 15487
新城市 300778 41.05 0.79 0.32 7908
日丰股份 002953 19.69 2.34 0.45 16146
有友食品 603697 13.47 0.9 0.12 22529
中创物流 603967 15.87 0.0 0.0 25905
运达股份 300772 15.93 -0.13 -0.02 26812
拉卡拉 300773 59.84 2.38 1.39 18874
智莱科技 300771 59.1 2.23 1.29 12356
新媒股份 300770 116.84 0.03 0.04 14423
天味食品 603317 45.66 1.02 0.46 18116
博通集成 603068 90.6 1.35 1.21 17692
德方纳米 300769 101.87 7.58 7.18 18182
迪普科技 300768 35.77 0.99 0.35 13026
三美股份 603379 34.96 1.86 0.64 8976
震安科技 300767 64.55 7.05 4.25 19230
亚世光电 002952 32.76 1.68 0.54 9222
永冠新材 603681 25.34 0.16 0.04 17067
青农商行 002958 6.24 0.65 0.04 336202
每日互动 300766 33.4 1.21 0.4 6891
新诺威 300765 34.51 0.67 0.23 6890
锦浪科技 300763 38.6 6.28 2.28 22492
金时科技 002951 17.28 2.8 0.47 14434
上海瀚讯 300762 51.51 2.02 1.02 7332
奥美医疗 002950 20.27 1.2 0.24 10000
西安银行 600928 7.17 0.99 0.07 156384
华阳国际 002949 21.78 0.05 0.01 16121
威派格 603956 16.49 1.1 0.18 14984
七彩化学 300758 37.28 1.25 0.46 12539
立华股份 300761 57.05 1.1 0.62 11680
福莱特 601865 10.6 0.76 0.08 104438
恒铭达 002947 61.44 4.35 2.56 20646
威尔药业 603351 32.48 1.31 0.42 2704
华致酒行 300755 22.52 0.58 0.13 23694
康龙化成 300759 51.45 -2.0 -1.05 17200
新乳业 002946 12.41 0.89 0.11 15720
明阳智能 601615 12.36 0.65 0.08 110052
宁波水表 603700 23.53 -0.13 -0.03 9052
青岛港 601298 6.84 0.59 0.04 80450
苏州龙杰 603332 27.84 0.61 0.17 20867
华林证券 002945 15.02 6.0 0.85 458402
蔚蓝生物 603739 24.66 -0.16 -0.04 13524
青岛银行 002948 5.89 0.34 0.02 122087
华培动力 603121 22.6 -3.38 -0.79 84593
罗博特科 300757 32.25 0.75 0.24 4249
紫金银行 601860 5.66 -0.18 -0.01 226016
上机数控 603185 23.69 2.02 0.47 8484
中山金马 300756 34.19 1.39 0.47 4270
利通电子 603629 28.99 1.4 0.4 20896
爱朋医疗 300753 39.63 0.2 0.08 9480
新农股份 002942 28.07 -0.35 -0.1 24157
隆利科技 300752 28.1 2.74 0.75 11110
海容冷链 603187 31.17 0.52 0.16 13347
宇晶股份 002943 24.63 10.0 2.24 15065
新疆交建 002941 17.65 0.91 0.16 78220
中国人保 601319 7.39 1.65 0.12 643316
中贝通信 603220 20.09 1.26 0.25 40277
迈为股份 300751 133.42 1.86 2.43 5604
宇信科技 300674 25.75 1.34 0.34 13885
长城证券 002939 13.42 2.36 0.31 419552
昂利康 002940 29.31 1.07 0.31 5302
天风证券 601162 6.89 3.77 0.25 1243493
迈瑞医疗 300760 176.1 0.89 1.55 47401
蠡湖股份 300694 15.45 1.58 0.24 113762
长沙银行 601577 8.89 0.45 0.04 106642
兴瑞科技 002937 14.7 1.38 0.2 18388
顶固集创 300749 12.02 1.01 0.12 10539
捷昌驱动 603583 44.28 2.43 1.05 17798
金力永磁 300748 39.24 2.05 0.79 103411
郑州银行 002936 4.59 0.66 0.03 122187
鹏鼎控股 002938 45.25 4.14 1.8 103325
丰山集团 603810 29.55 0.41 0.12 2948
雅运股份 603790 15.84 1.28 0.2 14024
永新光学 603297 35.06 4.38 1.47 15273
天奥电子 002935 28.16 1.0 0.28 14027
中铝国际 601068 5.25 0.96 0.05 41692
汇得科技 603192 28.31 1.4 0.39 7871
新兴装备 002933 39.0 2.93 1.11 7470
康辰药业 603590 34.57 0.26 0.09 11117
捷佳伟创 300724 36.71 2.83 1.01 26410
长城军工 601606 11.21 -1.58 -0.18 91407
春光科技 603657 24.03 1.61 0.38 4946
长飞光纤 601869 32.27 0.59 0.19 13778
密尔克卫 603713 39.96 0.08 0.03 16001
明德生物 002932 34.79 0.78 0.27 3249
东方环宇 603706 20.65 0.73 0.15 18946
芯能科技 603105 6.96 1.46 0.1 47969
江苏新能 603693 10.11 0.9 0.09 13151
彤程新材 603650 17.8 4.09 0.7 57126
锐科激光 300747 104.49 1.56 1.61 7800
地素时尚 603587 25.2 -2.33 -0.6 30840
中信建投 601066 28.01 5.02 1.34 648148
南京证券 601990 11.35 1.25 0.14 2668335
亿嘉和 603666 66.15 1.46 0.95 8301
绿色动力 601330 10.64 3.1 0.32 101339
宁德时代 300750 99.5 7.1 6.6 297044
工业富联 601138 17.87 0.0 0.0 588302
科沃斯 603486 20.35 0.74 0.15 26886
汉嘉设计 300746 13.51 1.2 0.16 12408
欣锐科技 300745 22.09 4.05 0.86 18122
福达合金 603045 14.99 2.88 0.42 32442
深信服 300454 116.85 0.83 0.96 17031
亚普股份 603013 15.48 2.99 0.45 39427
药明康德 603259 92.05 -0.59 -0.55 51831
越博动力 300742 21.97 3.29 0.7 22402
伯特利 603596 22.54 1.71 0.38 38683
天地数码 300743 20.08 1.21 0.24 10382
文灿股份 603348 19.45 7.4 1.34 80612
仙鹤股份 603733 13.79 0.95 0.13 7782
鼎胜新材 603876 14.18 10.01 1.29 98656
沃格光电 603773 32.26 1.16 0.37 14007
振德医疗 603301 20.55 2.34 0.47 11747
长城科技 603897 18.39 2.34 0.42 7821
锋龙股份 002931 28.72 0.49 0.14 20155
爱婴室 603214 42.24 0.05 0.02 10900
天邑股份 300504 22.43 1.08 0.24 19995
宏川智慧 002930 15.72 0.51 0.08 108832
湖南盐业 600929 6.51 1.4 0.09 43454
彩讯股份 300634 17.45 2.35 0.4 18505
倍加洁 603059 25.61 0.87 0.22 7435
华夏航空 002928 11.36 2.43 0.27 59339
江苏租赁 600901 6.19 0.65 0.04 140161
华宝股份 300741 30.09 1.52 0.45 5627
润建股份 002929 26.98 1.2 0.32 14712
今创集团 603680 10.3 0.59 0.06 8657
七一二 603712 24.03 7.09 1.59 101029
泰永长征 002927 20.37 1.6 0.32 24163
养元饮品 603156 28.46 0.92 0.26 15432
中源家居 603709 25.16 0.36 0.09 8832
御家汇 300740 8.77 -0.57 -0.05 40477
嘉友国际 603871 29.23 1.21 0.35 4539
南京聚隆 300644 29.99 5.01 1.43 17505
华西证券 002926 10.48 1.95 0.2 343140
淳中科技 603516 38.82 2.89 1.09 21818
南都物业 603506 21.06 -0.71 -0.15 19917
明阳电路 300739 18.32 2.52 0.45 27644
成都银行 601838 8.81 0.8 0.07 123229
科顺股份 300737 11.06 3.36 0.36 48514
华菱精工 603356 12.41 1.89 0.23 13139
天永智能 603895 23.72 0.59 0.14 8750
奥飞数据 300738 32.4 2.86 0.9 14661
万兴科技 300624 66.31 0.32 0.21 15219
美凯龙 601828 10.88 0.46 0.05 39133
德邦股份 603056 11.27 1.35 0.15 20904
西菱动力 300733 11.59 2.66 0.3 18931
盈趣科技 002925 44.29 2.5 1.08 25731
百邦科技 300736 10.96 3.1 0.33 16170
科华控股 603161 13.26 2.47 0.32 11053
鹏鹞环保 300664 12.66 8.21 0.96 204694
润都股份 002923 16.75 1.45 0.24 10346
新疆火炬 603080 16.47 1.04 0.17 11221
朗博科技 603655 19.23 4.4 0.81 50411
上海雅仕 603329 13.83 2.22 0.3 13347
光弘科技 300735 26.33 -4.91 -1.36 193268
伊戈尔 002922 14.88 1.57 0.23 12990
中石科技 300684 26.4 0.65 0.17 28115
联诚精密 002921 18.12 1.63 0.29 7475
德赛西威 002920 30.83 2.77 0.83 21779
赛腾股份 603283 31.16 2.03 0.62 27642
蒙娜丽莎 002918 19.16 1.59 0.3 59110
振静股份 603477 12.04 -3.99 -0.5 132590
名臣健康 002919 15.06 1.62 0.24 23597
华能水电 600025 4.21 0.0 0.0 271747
深南电路 002916 141.67 0.71 1.0 19676
春秋电子 603890 10.7 2.59 0.27 93554
设研院 300732 16.92 1.2 0.2 6619
科创新源 300731 27.87 -4.03 -1.17 50109
金奥博 002917 16.35 1.43 0.23 21160
科创信息 300730 14.41 2.93 0.41 24838
中欣氟材 002915 26.88 5.91 1.5 34234
合力科技 603917 10.41 2.56 0.26 12485
好太太 603848 13.86 1.17 0.16 8751
乐歌股份 300729 24.72 1.85 0.45 40467
奥士康 002913 56.73 1.5 0.84 20096
香飘飘 603711 25.02 0.28 0.07 18007
豪能股份 603809 9.41 1.29 0.12 18536
晨丰科技 603685 12.59 1.94 0.24 12459
润禾材料 300727 14.86 1.78 0.26 12590
山东出版 601019 6.85 0.15 0.01 30295
佛燃股份 002911 15.5 0.91 0.14 9338
恒林股份 603661 43.26 1.03 0.44 7480
宏达电子 300726 26.46 1.61 0.42 34512
中新赛克 002912 128.31 3.46 4.29 19208
水星家纺 603365 15.51 1.04 0.16 31272
中曼石油 603619 13.65 1.19 0.16 19546
爱柯迪 600933 13.56 2.42 0.32 41444
中农立华 603970 12.53 1.7 0.21 8876
一品红 300723 37.19 1.95 0.71 8318
盘龙药业 002864 26.38 0.73 0.19 5368
珀莱雅 603605 90.58 1.86 1.65 13096
怡达股份 300721 18.77 3.08 0.56 32951
大业股份 603278 9.0 1.69 0.15 11167
乐惠国际 603076 22.75 0.4 0.09 5121
苏博特 603916 16.57 0.85 0.14 57813
剑桥科技 603083 27.64 2.98 0.8 67438
药石科技 300725 65.85 0.87 0.57 11587
新余国科 300722 20.91 1.11 0.23 5348
安达维尔 300719 11.67 1.21 0.14 20987
国立科技 300716 10.41 1.66 0.17 28678
贵州燃气 600903 15.23 0.4 0.06 101265
东宏股份 603856 10.22 0.99 0.1 12180
振江股份 603507 22.3 2.25 0.49 5330
海川智能 300720 15.73 0.13 0.02 16283
长盛轴承 300718 21.0 -3.09 -0.67 27985
华信新材 300717 16.09 3.94 0.61 18072
璞泰来 603659 83.1 5.79 4.55 37917
丽岛新材 603937 10.92 2.54 0.27 17009
佳力图 603912 13.82 0.95 0.13 15719
英可瑞 300713 13.38 1.98 0.26 21168
广哈通信 300711 15.03 -1.05 -0.16 22127
泰瑞机器 603289 9.13 0.88 0.08 16113
永福股份 300712 11.62 2.47 0.28 18851
庄园牧场 002910 11.15 1.18 0.13 10451
合盛硅业 603260 29.58 2.89 0.83 28783
凯伦股份 300715 "-" "-" "-" "-"
集泰股份 002909 11.09 0.82 0.09 20285
阿科力 603722 30.92 -0.48 -0.15 47976
京华激光 603607 23.2 0.52 0.12 29682
财通证券 601108 10.83 1.88 0.2 899150
金鸿顺 603922 15.02 0.13 0.02 6029
晶华新材 603683 13.23 2.32 0.3 14788
风语筑 603466 14.6 0.34 0.05 30720
德生科技 002908 12.87 1.82 0.23 28767
华森制药 002907 16.51 -6.46 -1.14 123555
万隆光电 300710 28.82 3.56 0.99 12116
精研科技 300709 108.5 7.64 7.7 20267
金辰股份 603396 19.7 3.41 0.65 16990
洛凯股份 603829 10.99 1.76 0.19 16674
翔港科技 603499 15.5 2.51 0.38 14804
聚灿光电 300708 13.47 1.28 0.17 33841
金逸影视 002905 16.33 1.11 0.18 57744
东方材料 603110 16.22 6.08 0.93 47752
华阳集团 002906 12.31 -2.15 -0.27 94318
宇环数控 002903 15.24 0.66 0.1 50114
横店影视 603103 17.8 3.79 0.65 24840
威唐工业 300707 15.99 9.97 1.45 95835
九典制药 300705 12.28 2.08 0.25 21309
辰欣药业 603367 16.24 0.68 0.11 21650
国芳集团 601086 4.9 1.66 0.08 60690
铭普光磁 002902 23.59 2.12 0.49 45066
亚士创能 603378 21.81 -0.32 -0.07 16496
天目湖 603136 25.72 1.66 0.42 9281
傲农生物 603363 15.63 0.84 0.13 40862
阿石创 300706 24.81 4.95 1.17 74393
世纪天鸿 300654 11.15 1.83 0.2 12565
拉夏贝尔 603157 5.69 4.98 0.27 150979
大理药业 603963 11.11 0.82 0.09 10168
大博医疗 002901 57.11 -0.71 -0.41 10043
哈三联 002900 11.28 0.71 0.08 10637
掌阅科技 603533 17.45 1.45 0.25 49656
台华新材 603055 6.85 0.15 0.01 12133
恒银金融 603106 8.57 0.94 0.08 55181
创源文化 300703 12.25 1.07 0.13 33085
天宇股份 300702 51.09 -0.47 -0.24 18264
原尚股份 603813 18.36 1.44 0.26 3412
梅轮电梯 603321 8.06 2.15 0.17 24488
森霸传感 300701 32.35 4.42 1.37 175968
英派斯 002899 13.71 2.01 0.27 10766
华通热力 002893 12.45 1.3 0.16 19649
畅联股份 603648 9.89 1.44 0.14 19040
广东骏亚 603386 15.74 1.75 0.27 20868
岱勒新材 300700 20.25 9.99 1.84 45032
赛隆药业 002898 13.48 0.07 0.01 8160
银都股份 603277 10.24 0.2 0.02 31351
金域医学 603882 49.85 -0.48 -0.24 21005
兆丰股份 300695 58.45 0.65 0.38 3506
众源新材 603527 10.53 3.85 0.39 32263
电工合金 300697 14.41 3.74 0.52 29863
意华股份 002897 27.63 0.91 0.25 81607
天安新材 603725 7.47 2.33 0.17 11913
建研院 603183 10.49 0.38 0.04 24998
祥和实业 603500 12.46 2.3 0.28 6155
东珠生态 603359 14.77 0.34 0.05 5480
光威复材 300699 43.12 3.9 1.62 74838
万马科技 300698 16.77 1.33 0.22 24281
中大力德 002896 21.23 0.47 0.1 6900
昭衍新药 603127 57.5 0.4 0.23 14194
川恒股份 002895 12.18 4.19 0.49 66847
皇马科技 603181 16.88 3.18 0.52 27653
圣达生物 603079 39.0 -1.64 -0.65 15458
正川股份 603976 18.81 -10.0 -2.09 8495
爱乐达 300696 23.33 0.65 0.15 9012
盛弘股份 300693 13.35 5.45 0.69 54691
中国出版 601949 6.2 1.31 0.08 69906
中环环保 300692 12.29 1.15 0.14 16938
中宠股份 002891 28.36 4.8 1.3 38854
起步股份 603557 8.29 0.48 0.04 29555
春风动力 603129 40.92 2.3 0.92 19343
永安行 603776 17.29 2.37 0.4 14632
科力尔 002892 32.18 4.48 1.38 114316
秦港股份 601326 3.14 0.64 0.02 42701
中广天择 603721 20.88 5.03 1.0 68483
联合光电 300691 19.0 1.99 0.37 21387
纵横通信 603602 25.57 3.06 0.76 121662
创业黑马 300688 22.38 1.73 0.38 10415
勘设股份 603458 18.65 0.97 0.18 9245
澄天伟业 300689 40.69 1.5 0.6 8695
嘉诚国际 603535 17.93 1.19 0.21 5758
双一科技 300690 25.23 1.77 0.44 12940
海特生物 300683 29.6 1.06 0.31 3023
深圳新星 603978 25.44 0.99 0.25 32543
南卫股份 603880 9.59 1.48 0.14 8670
智动力 300686 20.77 5.49 1.08 121159
赛意信息 300687 15.93 2.05 0.32 22916
中公高科 603860 26.92 1.32 0.35 2440
华扬联众 603825 14.41 2.13 0.3 26578
艾德生物 300685 66.38 0.33 0.22 13882
弘宇股份 002890 22.95 2.91 0.65 11413
设计总院 603357 10.45 0.67 0.07 16013
朗新科技 300682 21.69 1.83 0.39 21461
绿茵生态 002887 15.34 2.27 0.34 6807
大参林 603233 49.4 -1.36 -0.68 20786
电连技术 300679 38.93 1.12 0.43 47933
东方嘉盛 002889 26.0 1.92 0.49 10471
岱美股份 603730 29.88 2.43 0.71 23682
禾望电气 603063 9.3 0.22 0.02 46570
中科信息 300678 22.69 3.0 0.66 31519
英搏尔 300681 33.9 0.83 0.28 3419
隆盛科技 300680 22.61 4.05 0.88 30076
卫信康 603676 10.35 1.27 0.13 6941
英科医疗 300677 15.98 0.69 0.11 9123
惠威科技 002888 22.6 1.07 0.24 38235
嘉泽新能 601619 3.82 0.79 0.03 45851
健友股份 603707 40.49 -0.34 -0.14 24255
建科院 300675 14.54 1.32 0.19 13555
索通发展 603612 11.8 3.87 0.44 75246
基蛋生物 603387 22.7 1.25 0.28 13159
金龙羽 002882 10.58 1.93 0.2 8811
华大基因 300676 64.99 0.31 0.2 43494
东尼电子 603595 26.66 0.6 0.16 21089
国科微 300672 39.47 -0.23 -0.09 49772
大元泵业 603757 15.55 0.78 0.12 12341
佩蒂股份 300673 28.33 3.21 0.88 17463
凌霄泵业 002884 14.86 1.16 0.17 11726
旭升股份 603305 33.22 4.89 1.55 75641
长缆科技 002879 15.54 1.3 0.2 11466
睿能科技 603933 15.51 0.39 0.06 51221
百达精工 603331 16.0 2.11 0.33 7276
富满电子 300671 22.06 2.6 0.56 42261
君禾股份 603617 13.75 5.85 0.76 61474
大烨智能 300670 8.42 0.72 0.06 21192
志邦家居 603801 21.77 1.16 0.25 20718
沪宁股份 300669 27.43 0.59 0.16 7073
三孚股份 603938 17.1 1.85 0.31 4567
日盈电子 603286 15.22 1.13 0.17 21962
广州酒家 603043 30.4 2.36 0.7 18062
沃特股份 002886 25.1 2.49 0.61 26767
京泉华 002885 16.85 2.62 0.43 31398
浙商证券 601878 10.69 6.05 0.61 1036641
易德龙 603380 16.01 2.04 0.32 14788
美格智能 002881 26.62 2.38 0.62 21917
华体科技 603679 42.16 3.06 1.25 8806
迪生力 603335 4.83 1.68 0.08 37379
中设股份 002883 19.88 0.15 0.03 10751
诚邦股份 603316 9.45 0.85 0.08 8329
杰恩设计 300668 16.6 0.91 0.15 11655
必创科技 300667 31.33 -3.27 -1.06 70868
我乐家居 603326 14.75 0.55 0.08 15043
卫光生物 002880 50.4 0.76 0.38 1791
吉华集团 603980 7.81 1.17 0.09 22686
菲林格尔 603226 20.02 2.4 0.47 62064
江丰电子 300666 42.79 4.75 1.94 62937
永悦科技 603879 12.7 4.96 0.6 98443
中马传动 603767 7.29 1.96 0.14 11685
惠发食品 603536 19.16 6.33 1.14 74509
飞鹿股份 300665 10.58 2.92 0.3 21115
科蓝软件 300663 25.68 0.98 0.25 52373
科锐国际 300662 30.28 0.8 0.24 14262
恒为科技 603496 22.34 2.43 0.53 50747
圣邦股份 300661 284.9 10.0 25.9 31612
元隆雅图 002878 25.75 2.67 0.67 18148
智能自控 002877 9.2 4.66 0.41 209654
华脉科技 603042 15.04 1.97 0.29 22510
江苏雷利 300660 16.05 3.08 0.48 11644
延江股份 300658 14.7 -0.81 -0.12 19093
上海洗霸 603200 19.28 1.69 0.32 8101
安奈儿 002875 15.4 2.94 0.44 19751
日播时尚 603196 7.94 1.02 0.08 29855
中孚信息 300659 60.32 2.27 1.34 16670
艾艾精工 603580 12.2 1.75 0.21 4974
三利谱 002876 49.95 1.11 0.55 30524
华荣股份 603855 9.98 -1.48 -0.15 54000
弘信电子 300657 36.64 6.39 2.2 55570
晶瑞股份 300655 34.39 8.55 2.71 77976
顶点软件 603383 74.16 1.31 0.96 14419
保隆科技 603197 32.56 3.01 0.95 72098
民德电子 300656 21.57 0.94 0.2 14653
新天药业 002873 16.42 0.8 0.13 12766
秦安股份 603758 5.83 2.64 0.15 21038
海鸥股份 603269 13.66 1.34 0.18 9383
展鹏科技 603488 8.51 1.79 0.15 11276
正海生物 300653 71.23 -0.59 -0.42 7372
雷迪克 300652 20.03 1.42 0.28 2527
苏垦农发 601952 6.88 0.29 0.02 136575
香山股份 002870 23.13 -10.0 -2.57 22658
金溢科技 002869 65.63 -0.56 -0.37 30541
金牌厨柜 603180 64.18 1.15 0.73 5358
金能科技 603113 10.6 2.22 0.23 39985
先达股份 603086 24.8 0.04 0.01 8754
伟隆股份 002871 19.32 1.2 0.23 5513
铁流股份 603926 11.73 1.73 0.2 5093
寿仙谷 603896 29.38 1.49 0.43 4549
鸣志电器 603728 10.96 1.11 0.12 9209
奥翔药业 603229 20.19 -0.05 -0.01 20575
金陵体育 300651 27.73 0.84 0.23 5081
恒润股份 603985 14.88 0.81 0.12 10705
杭州园林 300649 19.69 0.97 0.19 3323
万通智控 300643 25.61 -1.42 -0.37 254653
韦尔股份 603501 151.5 1.28 1.92 45390
金石资源 603505 20.05 5.8 1.1 55785
太龙照明 300650 17.49 0.98 0.17 7498
超频三 300647 13.64 -0.58 -0.08 44005
绿康生化 002868 18.05 -1.53 -0.28 16473
迪贝电气 603320 16.44 1.42 0.23 5917
新日股份 603787 14.2 2.82 0.39 70151
周大生 002867 19.09 0.16 0.03 30760
世运电路 603920 16.45 2.36 0.38 37988
友讯达 300514 12.83 -4.04 -0.54 103572
传艺科技 002866 13.46 3.94 0.51 103623
新经典 603096 56.49 0.64 0.36 3778
星云股份 300648 15.9 5.09 0.77 31684
钧达股份 002865 15.89 5.16 0.78 66205
格尔软件 603232 34.97 0.26 0.09 41635
康惠制药 603139 16.78 1.33 0.22 6277
正元智慧 300645 14.37 1.05 0.15 17619
透景生命 300642 40.37 1.59 0.63 5272
三超新材 300554 16.81 3.77 0.61 26614
瑞斯康达 603803 12.75 0.47 0.06 30857
大丰实业 603081 17.52 2.76 0.47 129940
新凤鸣 603225 11.87 1.63 0.19 25057
正丹股份 300641 4.92 2.07 0.1 21127
今飞凯达 002863 5.55 2.21 0.12 17747
德艺文创 300640 7.97 2.18 0.17 14836
长川科技 300604 23.54 4.67 1.05 115562
坤彩科技 603826 15.84 3.26 0.5 34823
科林电气 603050 10.94 1.11 0.12 11762
联泰环保 603797 11.43 1.24 0.14 32744
广和通 300638 64.85 1.63 1.04 18066
瀛通通讯 002861 33.13 -0.3 -0.1 18180
利群股份 601366 5.57 0.91 0.05 29958
凯普生物 300639 23.44 0.6 0.14 25693
扬帆新材 300637 11.79 2.43 0.28 20741
星帅尔 002860 23.11 2.44 0.55 68633
实丰文化 002862 22.47 -0.27 -0.06 14000
龙蟠科技 603906 10.95 4.29 0.45 81874
江化微 603078 35.31 10.0 3.21 71509
美诺华 603538 24.7 1.44 0.35 22552
洁美科技 002859 33.46 0.33 0.11 14009
金麒麟 603586 18.88 1.29 0.24 46365
开立医疗 300633 23.3 1.75 0.4 15917
光莆股份 300632 24.38 -1.02 -0.25 69243
惠达卫浴 603385 11.14 0.18 0.02 66240
同和药业 300636 27.18 0.48 0.13 7423
中达安 300635 15.58 -0.06 -0.01 12106
得邦照明 603303 9.85 1.55 0.15 15248
美思德 603041 17.26 4.67 0.77 15138
广州港 601228 3.81 0.53 0.02 45343
欧派家居 603833 110.5 -0.46 -0.51 10820
圣龙股份 603178 9.67 -1.23 -0.12 44041
普利制药 300630 56.7 2.85 1.57 17722
天域生态 603717 8.59 1.18 0.1 28861
常青股份 603768 11.16 0.81 0.09 8836
元成股份 603388 7.92 0.13 0.01 42331
新劲刚 300629 18.78 -0.9 -0.17 36586
力盛赛车 002858 15.0 1.21 0.18 11955
快意电梯 002774 7.58 1.07 0.08 10995
久吾高科 300631 16.92 3.11 0.51 21270
三晖电气 002857 12.8 0.39 0.05 11429
泰禾光电 603656 14.59 1.81 0.26 4638
华测导航 300627 19.26 1.69 0.32 22194
捷荣技术 002855 14.08 1.15 0.16 90852
碳元科技 603133 23.41 1.78 0.41 67623
华瑞股份 300626 8.1 2.14 0.17 22959
美芝股份 002856 18.63 0.76 0.14 16273
绝味食品 603517 44.95 2.63 1.15 44938
新泉股份 603179 19.57 2.09 0.4 25931
亿联网络 300628 72.13 0.4 0.29 20020
三雄极光 300625 16.1 1.58 0.25 20199
维业股份 300621 10.61 0.86 0.09 9584
诚意药业 603811 25.5 -0.39 -0.1 10463
博士眼镜 300622 19.95 0.5 0.1 10939
克来机电 603960 32.4 2.92 0.92 22351
中持股份 603903 13.85 2.74 0.37 17773
捷捷微电 300623 26.66 2.54 0.66 109987
康隆达 603665 21.68 1.31 0.28 2424
拉芳家化 603630 12.87 1.26 0.16 9955
大千生态 603955 15.39 1.45 0.22 5260
光库科技 300620 42.32 3.52 1.44 30518
皮阿诺 002853 17.7 2.61 0.45 10897
道道全 002852 13.35 1.21 0.16 7393
至正股份 603991 17.36 1.22 0.21 3682
牧高笛 603908 24.33 0.66 0.16 10711
尚品宅配 300616 71.96 1.93 1.36 6056
三星新材 603578 20.3 2.32 0.46 7506
海量数据 603138 15.42 1.78 0.27 15475
寒锐钴业 300618 78.1 10.0 7.1 105670
麦格米特 002851 20.06 0.8 0.16 39951
科达利 002850 45.69 8.32 3.51 68569
金银河 300619 23.3 4.39 0.98 11089
安靠智电 300617 22.19 2.12 0.46 2426
安井食品 603345 61.5 -0.45 -0.28 16566
诺邦股份 603238 17.25 0.82 0.14 6647
重庆建工 600939 4.6 0.88 0.04 35438
海峡环保 603817 6.34 2.09 0.13 19636
富瀚微 300613 145.93 1.74 2.5 7427
美力科技 300611 9.53 1.49 0.14 11198
博天环境 603603 8.87 1.03 0.09 31670
威星智能 002849 14.43 0.56 0.08 18298
白银有色 601212 3.51 2.63 0.09 267657
欣天科技 300615 20.51 1.43 0.29 21807
宣亚国际 300612 16.63 0.67 0.11 11322
汇纳科技 300609 37.79 2.19 0.81 5571
安正时尚 603839 11.78 2.08 0.24 27547
茶花股份 603615 9.23 1.32 0.12 8586
上海天洋 603330 16.03 1.46 0.23 28588
晨化股份 300610 12.09 2.54 0.3 10186
思特奇 300608 16.93 1.26 0.21 11291
高斯贝尔 002848 12.74 1.19 0.15 44941
江山欧派 603208 50.26 -0.08 -0.04 7622
科森科技 603626 10.87 4.52 0.47 114623
新坐标 603040 34.49 -1.63 -0.57 11787
拓斯达 300607 48.2 1.9 0.9 29069
数据港 603881 37.28 1.25 0.46 20007
镇海股份 603637 15.24 0.59 0.09 2774
金太阳 300606 21.19 0.62 0.13 10036
恒锋信息 300605 12.67 1.85 0.23 25231
盐津铺子 002847 36.0 -0.5 -0.18 11420
德创环保 603177 10.32 0.68 0.07 35175
康泰生物 300601 86.49 0.58 0.5 23736
英联股份 002846 19.7 7.83 1.43 102373
奇精机械 603677 12.68 0.79 0.1 24884
百傲化学 603360 33.55 2.88 0.94 15693
正裕工业 603089 13.9 1.61 0.22 19654
立昂技术 300603 17.59 0.06 0.01 29894
飞荣达 300602 42.88 2.02 0.85 31149
法兰泰克 603966 10.23 1.59 0.16 17722
华达科技 603358 14.93 1.01 0.15 15051
瑞特股份 300600 10.02 1.73 0.17 45934
会畅通讯 300578 26.0 0.39 0.1 45331
同兴达 002845 18.99 2.15 0.4 29519
集友股份 603429 36.08 1.98 0.7 10871
张家港行 002839 5.79 0.7 0.04 182430
中国银河 601881 11.36 1.97 0.22 377135
雄塑科技 300599 10.26 1.48 0.15 10066
吉大通信 300597 11.85 2.16 0.25 22018
艾迪精密 603638 30.69 1.59 0.48 6143
凯众股份 603037 16.97 1.01 0.17 3200
诚迈科技 300598 127.95 3.6 4.45 41934
华凯创意 300592 11.77 0.09 0.01 33991
泰嘉股份 002843 8.11 1.38 0.11 12413
杰克股份 603337 20.16 0.1 0.02 9283
利安隆 300596 34.8 1.96 0.67 8128
翔鹭钨业 002842 12.34 4.31 0.51 84771
视源股份 002841 85.68 1.28 1.08 7202
中国科传 601858 10.94 0.55 0.06 20022
天马科技 603668 8.32 0.97 0.08 19176
荣晟环保 603165 16.86 1.57 0.26 6962
欧普康视 300595 48.53 1.57 0.75 26601
华立股份 603038 14.19 -0.49 -0.07 4713
至纯科技 603690 29.89 5.81 1.64 131581
泛微网络 603039 56.8 0.53 0.3 3860
新雷能 300593 18.24 1.5 0.27 25758
江龙船艇 300589 13.04 1.32 0.17 24425
海利尔 603639 24.43 0.53 0.13 6226
清源股份 603628 7.8 1.17 0.09 5478
海辰药业 300584 27.18 1.0 0.27 5801
和胜股份 002824 10.72 3.08 0.32 15464
荣泰健康 603579 30.8 2.36 0.71 8120
移为通信 300590 36.28 0.78 0.28 29525
贝斯特 300580 15.21 0.46 0.07 15743
皖天然气 603689 11.08 0.36 0.04 23483
天龙股份 603266 12.21 1.08 0.13 34540
万里马 300591 5.55 1.46 0.08 26979
华统股份 002840 16.14 0.0 0.0 10792
太平鸟 603877 14.61 0.07 0.01 7548
景旺电子 603228 45.08 -1.03 -0.47 25893
赛托生物 300583 32.53 -0.94 -0.31 9672
道恩股份 002838 11.18 2.47 0.27 162987
常熟汽饰 603035 13.28 8.41 1.03 139747
德新交运 603032 22.67 1.07 0.24 15304
熙菱信息 300588 10.05 1.93 0.19 16295
天铁股份 300587 14.75 -0.2 -0.03 28750
吉比特 603444 309.61 1.51 4.61 5539
美联新材 300586 24.7 6.15 1.43 411562
华正新材 603186 38.26 0.34 0.13 27052
中原证券 601375 5.19 1.37 0.07 332275
亚翔集成 603929 14.34 -1.17 -0.17 27292
浙江仙通 603239 10.27 1.28 0.13 35921
奥联电子 300585 15.28 2.14 0.32 110542
英维克 002837 17.0 1.49 0.25 13390
新宏泽 002836 12.21 2.01 0.24 7106
元祖股份 603886 17.14 0.71 0.12 16685
日月股份 603218 19.39 0.47 0.09 13052
英飞特 300582 11.37 0.89 0.1 25284
同为股份 002835 12.0 1.87 0.22 32260
弘亚数控 002833 34.15 0.98 0.33 6171
杭叉集团 603298 12.25 1.49 0.18 15374
贵广网络 600996 7.94 1.15 0.09 37640
永吉股份 603058 7.39 1.09 0.08 10122
数字认证 300579 38.92 2.96 1.12 31477
比音勒芬 002832 25.15 0.8 0.2 11298
汇金通 603577 10.31 0.39 0.04 10591
信捷电气 603416 28.15 1.99 0.55 13250
开润股份 300577 33.53 0.6 0.2 10414
百合花 603823 23.67 0.08 0.02 25355
晨曦航空 300581 15.73 1.16 0.18 24270
容大感光 300576 22.91 9.99 2.08 90190
中旗股份 300575 28.61 0.42 0.12 29929
武进不锈 603878 10.74 2.68 0.28 58285
森特股份 603098 10.36 1.37 0.14 5792
裕同科技 002831 25.7 0.82 0.21 19058
亚振家居 603389 5.75 1.23 0.07 17336
苏利股份 603585 20.5 0.49 0.1 4503
家家悦 603708 23.9 0.0 0.0 17837
平治信息 300571 51.91 0.48 0.25 10915
名雕股份 002830 13.9 1.53 0.21 8615
星网宇达 002829 22.13 -0.67 -0.15 9758
兴业股份 603928 12.16 3.05 0.36 10267
如通股份 603036 10.53 1.06 0.11 12982
高争民爆 002827 9.87 6.47 0.6 43299
易明医药 002826 9.8 1.34 0.13 8018
麦迪科技 603990 33.88 2.79 0.92 31736
兴齐眼药 300573 73.95 -4.43 -3.43 32209
贝肯能源 002828 10.9 0.83 0.09 28149
三维股份 603033 17.62 0.8 0.14 4291
华安证券 600909 7.06 1.0 0.07 637504
安车检测 300572 47.15 1.84 0.85 13604
太辰光 300570 26.83 1.94 0.51 35067
中通国脉 603559 17.82 1.77 0.31 28059
苏州科达 603660 10.61 0.47 0.05 38281
星源材质 300568 30.0 8.34 2.31 128148
湘油泵 603319 17.35 1.05 0.18 7509
苏农银行 603323 5.22 0.58 0.03 175799
纳尔股份 002825 13.38 2.76 0.36 7928
中装建设 002822 9.0 -2.17 -0.2 259758
神力股份 603819 13.88 3.04 0.41 16287
天能重工 300569 14.75 0.07 0.01 27338
宏辉果蔬 603336 14.02 -1.48 -0.21 59801
凯中精密 002823 9.03 3.79 0.33 28497
莱绅通灵 603900 9.27 0.54 0.05 15365
博迈科 603727 17.93 1.7 0.3 8956
精测电子 300567 51.32 10.01 4.67 162662
科信技术 300565 11.7 0.86 0.1 38269
康德莱 603987 7.62 1.87 0.14 20329
步长制药 603858 20.54 1.23 0.25 62981
凯莱英 002821 130.77 1.14 1.47 8450
桂发祥 002820 11.78 1.46 0.17 9125
徕木股份 603633 10.18 0.1 0.01 43663
汇金科技 300561 16.55 1.04 0.17 94930
上海银行 601229 9.47 0.53 0.05 141312
乐心医疗 300562 16.27 0.56 0.09 192185
激智科技 300566 25.7 2.88 0.72 47869
神宇股份 300563 27.75 1.2 0.33 6063
国泰集团 603977 8.18 1.36 0.11 14077
东方中科 002819 26.34 -0.6 -0.16 46329
海兴电力 603556 16.26 0.62 0.1 30429
国检集团 603060 23.07 8.46 1.8 58352
富森美 002818 12.41 1.55 0.19 16649
快克股份 603203 24.71 2.11 0.51 8384
海天精工 601882 7.23 2.84 0.2 10303
贝达药业 300558 66.9 0.81 0.54 19747
丝路视觉 300556 17.22 1.29 0.22 24792
中富通 300560 15.77 3.27 0.5 22094
佳发教育 300559 29.44 3.77 1.07 22835
理工光科 300557 27.1 0.07 0.02 9049
塞力斯 603716 16.66 1.22 0.2 12181
新华网 603888 20.61 0.88 0.18 29422
杭州银行 600926 9.12 0.77 0.07 103749
电魂网络 603258 24.34 0.83 0.2 59874
五洲新春 603667 8.22 1.61 0.13 14838
黄山胶囊 002817 22.0 4.17 0.88 42891
和科达 002816 21.96 -0.05 -0.01 6617
能科股份 603859 27.73 4.21 1.12 41027
集智股份 300553 36.75 1.1 0.4 1516
万集科技 300552 79.8 -1.95 -1.59 22139
路通视信 300555 9.42 2.73 0.25 21481
古鳌科技 300551 23.58 5.31 1.19 83049
和仁科技 300550 29.16 1.46 0.42 13507
汇顶科技 603160 195.9 0.77 1.5 37622
顾家家居 603816 44.4 4.42 1.88 28516
梦百合 603313 21.08 5.19 1.04 94574
来伊份 603777 11.69 3.45 0.39 30033
博创科技 300548 71.59 0.41 0.29 10969
崇达技术 002815 17.15 2.63 0.44 87141
路畅科技 002813 24.78 2.61 0.63 12315
鼎信通讯 603421 17.16 1.96 0.33 32278
城地股份 603887 23.85 0.76 0.18 41770
常熟银行 601128 8.96 2.17 0.19 197925
优德精密 300549 13.39 1.98 0.26 4934
川环科技 300547 9.66 1.68 0.16 40490
泰晶科技 603738 20.27 -2.64 -0.55 149410
雄帝科技 300546 28.04 2.6 0.71 12747
联得装备 300545 25.69 2.35 0.59 27661
无锡银行 600908 5.39 0.56 0.03 93172
新晨科技 300542 15.14 2.57 0.38 29562
农尚环境 300536 7.19 1.13 0.08 17381
通用股份 601500 6.34 1.6 0.1 11433
网达软件 603189 15.62 1.43 0.22 19148
恩捷股份 002812 48.1 4.75 2.18 129514
振华股份 603067 5.76 1.95 0.11 22930
先进数通 300541 21.97 1.24 0.27 62153
陇神戎发 300534 5.76 2.13 0.12 38274
新天然气 603393 27.31 0.77 0.21 33487
三角轮胎 601163 14.69 1.31 0.19 47907
朗科智能 300543 22.55 2.08 0.46 15715
亚泰国际 002811 16.35 4.01 0.63 29871
正平股份 603843 4.65 0.43 0.02 58317
江阴银行 002807 4.54 0.67 0.03 83508
安图生物 603658 97.13 -1.79 -1.77 11119
宏盛股份 603090 15.72 0.77 0.12 8694
横河模具 300539 7.15 1.85 0.13 12718
广信材料 300537 19.9 6.13 1.15 145054
花王股份 603007 6.85 1.03 0.07 11917
同益股份 300538 19.0 3.15 0.58 37542
山东赫达 002810 18.85 4.26 0.77 45381
深冷股份 300540 14.13 2.32 0.32 15857
红墙股份 002809 17.48 -0.11 -0.02 27540
安德利 603031 20.64 0.98 0.2 18552
欧普照明 603515 27.31 1.22 0.33 12615
兆易创新 603986 195.38 7.17 13.08 85863
冰川网络 300533 44.4 1.83 0.8 26042
今天国际 300532 10.69 1.81 0.19 30635
上海电影 601595 14.68 0.69 0.1 27807
贵阳银行 601997 9.48 0.64 0.06 80294
广西广电 600936 3.77 1.34 0.05 23708
上海亚虹 603159 11.3 3.48 0.38 10624
达威股份 300535 13.56 1.88 0.25 8948
恒久科技 002808 9.74 1.04 0.1 69106
长久物流 603569 10.3 0.49 0.05 6407
中国电影 600977 15.06 1.21 0.18 72178
优博讯 300531 15.75 1.74 0.27 21029
达志科技 300530 34.28 -0.58 -0.2 5875
新华文轩 601811 12.95 1.09 0.14 15734
幸福蓝海 300528 6.74 1.66 0.11 23333
中国应急 300527 11.01 0.92 0.1 47615
江苏银行 600919 7.15 0.28 0.02 191021
健帆生物 300529 69.14 0.48 0.33 16223
中潜股份 300526 52.82 1.19 0.62 4072
三祥新材 603663 13.07 2.03 0.26 8893
超讯通信 603322 20.89 1.46 0.3 21823
博思软件 300525 38.18 3.55 1.31 33452
辰安科技 300523 44.36 1.12 0.49 9132
华锋股份 002806 14.45 2.48 0.35 55445
海波重科 300517 15.06 1.89 0.28 8599
海汽集团 603069 9.8 9.99 0.89 117908
吉宏股份 002803 23.17 1.44 0.33 14716
科大国创 300520 17.92 1.82 0.32 23432
丰元股份 002805 11.62 4.87 0.54 39441
玲珑轮胎 601966 22.53 1.4 0.31 49267
世名科技 300522 18.47 5.97 1.04 32903
爱司凯 300521 10.88 1.97 0.21 48278
新宏泰 603016 14.95 -0.27 -0.04 10336
哈森股份 603958 8.04 5.51 0.42 50083
洪汇新材 002802 20.12 1.87 0.37 3359
合诚股份 603909 13.07 1.32 0.17 6636
新光药业 300519 13.25 1.07 0.14 4702
盛讯达 300518 27.13 -1.13 -0.31 49143
微光股份 002801 35.42 1.64 0.57 6767
小康股份 601127 11.65 0.87 0.1 19612
三德科技 300515 9.72 1.57 0.15 18524
环球印务 002799 18.99 6.69 1.19 83213
上海沪工 603131 13.83 0.73 0.1 5010
中国核建 601611 7.04 0.43 0.03 57712
三棵树 603737 78.79 0.37 0.29 13180
久之洋 300516 30.39 -1.2 -0.37 16626
恒实科技 300513 13.41 2.76 0.36 43375
天顺股份 002800 28.62 0.1 0.03 39222
中亚股份 300512 11.47 2.96 0.33 11289
帝欧家居 002798 23.55 -0.76 -0.18 29431
四方科技 603339 13.4 1.06 0.14 8017
百利科技 603959 8.6 3.49 0.29 56842
第一创业 002797 8.18 1.24 0.1 1056354
世嘉科技 002796 36.19 1.74 0.62 25759
汇嘉时代 603101 8.59 -0.46 -0.04 44999
金冠股份 300510 6.62 0.91 0.06 176436
雪榕生物 300511 6.48 1.57 0.1 28899
多伦科技 603528 6.79 1.49 0.1 19863
苏奥传感 300507 15.11 -9.74 -1.63 196207
嘉澳环保 603822 23.34 1.92 0.44 2656
永和智控 002795 14.07 -1.12 -0.16 50019
天鹅股份 603029 14.35 1.13 0.16 4462
新美星 300509 9.4 1.18 0.11 5391
朗迪集团 603726 11.41 2.61 0.29 10899
维宏股份 300508 28.75 1.05 0.3 9114
飞科电器 603868 37.11 0.35 0.13 5472
东音股份 002793 14.4 -1.64 -0.24 169176
德宏股份 603701 13.38 3.4 0.44 74195
康普顿 603798 12.51 1.87 0.23 35428
赛福天 603028 11.92 3.83 0.44 33692
景嘉微 300474 58.65 2.52 1.44 86299
坚朗五金 002791 28.14 0.07 0.02 14741
通宇通讯 002792 26.41 1.97 0.51 27318
名家汇 300506 8.78 -0.45 -0.04 65321
白云电器 603861 8.67 1.17 0.1 8727
蓝海华腾 300484 9.35 3.77 0.34 36472
华钰矿业 601020 8.95 3.23 0.28 72799
川金诺 300505 23.06 2.04 0.46 12792
建艺集团 002789 16.43 0.12 0.02 9599
金徽酒 603919 17.37 1.88 0.32 21354
司太立 603520 45.43 5.53 2.38 26955
昊志机电 300503 11.19 -0.62 -0.07 25362
瑞尔特 002790 6.4 0.63 0.04 11906
千禾味业 603027 21.15 2.12 0.44 44427
新易盛 300502 43.01 4.77 1.96 107488
天创时尚 603608 7.2 3.15 0.22 103231
鹭燕医药 002788 7.86 1.95 0.15 17252
南方传媒 601900 9.09 1.22 0.11 21009
东方时尚 603377 16.9 -1.34 -0.23 62283
海顺新材 300501 11.82 0.25 0.03 7164
启迪设计 300500 14.82 1.09 0.16 10281
高澜股份 300499 11.81 2.43 0.28 11713
高科石化 002778 20.84 2.61 0.53 19057
乾景园林 603778 4.33 -0.23 -0.01 85033
苏盐井神 603299 6.82 1.94 0.13 29434
盛天网络 300494 16.68 2.33 0.38 117162
通合科技 300491 13.22 4.42 0.56 21232
华自科技 300490 10.58 1.93 0.2 34343
华源控股 002787 7.15 0.0 0.0 29335
久远银海 002777 34.15 3.36 1.11 18637
思维列控 603508 53.88 1.58 0.84 9613
山鼎设计 300492 52.0 2.08 1.06 7241
银宝山新 002786 8.47 1.19 0.1 52423
万里石 002785 16.69 5.83 0.92 80826
桃李面包 603866 42.08 0.89 0.37 17168
富祥股份 300497 19.27 2.39 0.45 52591
美尚生态 300495 11.39 -1.73 -0.2 187277
可立克 002782 10.45 2.25 0.23 30382
奇信股份 002781 16.61 0.91 0.15 26334
读者传媒 603999 7.58 1.07 0.08 223657
道森股份 603800 12.5 1.46 0.18 9499
中科创达 300496 47.11 3.22 1.47 83912
润欣科技 300493 9.1 1.56 0.14 181482
博敏电子 603936 16.87 0.3 0.05 67982
安记食品 603696 8.53 0.95 0.08 15165
邦宝益智 603398 10.5 0.96 0.1 28994
凯龙股份 002783 12.31 3.27 0.39 123551
三夫户外 002780 15.82 -0.13 -0.02 30713
中坚科技 002779 16.91 -0.88 -0.15 8534
蓝晓科技 300487 36.58 2.64 0.94 33384
光力科技 300480 17.05 5.12 0.83 68486
四通股份 603838 8.11 0.62 0.05 7431
中飞股份 300489 19.56 2.41 0.46 11765
恒锋工具 300488 15.76 1.55 0.24 5443
金诚信 603979 8.78 1.5 0.13 23904
恒通股份 603223 6.39 1.75 0.11 8268
天成自控 603085 8.27 0.36 0.03 60835
东杰智能 300486 20.04 -0.05 -0.01 19549
沃施股份 300483 36.1 0.28 0.1 6967
万孚生物 300482 51.08 3.28 1.62 13290
濮阳惠成 300481 16.99 2.78 0.46 65355
科迪乳业 002770 2.4 2.13 0.05 178236
国恩股份 002768 23.29 0.47 0.11 9645
口子窖 603589 52.06 0.7 0.36 11758
万林物流 603117 3.75 1.08 0.04 35362
红蜻蜓 603116 6.93 0.87 0.06 10260
文科园林 002775 5.68 0.89 0.05 15156
真视通 002771 11.15 1.73 0.19 19279
普路通 002769 8.43 1.44 0.12 17098
国泰君安 601211 17.74 0.4 0.07 214990
赛升药业 300485 8.73 4.68 0.39 37002
柏堡龙 002776 7.06 0.86 0.06 139481
康弘药业 002773 35.88 -0.77 -0.28 76200
众兴菌业 002772 6.84 2.4 0.16 22355
绿城水务 601368 5.75 0.88 0.05 7067
神思电子 300479 16.39 10.0 1.49 43132
德尔股份 300473 45.1 3.32 1.45 17466
中密控股 300470 26.02 3.05 0.77 25866
先锋电子 002767 14.54 0.41 0.06 5345
蓝黛传动 002765 5.16 0.58 0.03 86274
韩建河山 603616 8.13 1.5 0.12 17972
音飞储存 603066 7.53 1.48 0.11 21183
宝钢包装 601968 5.09 1.19 0.06 14489
胜宏科技 300476 16.46 0.92 0.15 96728
新元科技 300472 13.51 -0.3 -0.04 24454
厚普股份 300471 9.2 3.02 0.27 80334
信息发展 300469 15.94 2.97 0.46 41550
凤形股份 002760 17.53 -2.12 -0.38 18399
中国核电 601985 5.07 0.2 0.01 119266
杭州高新 300478 11.68 -0.26 -0.03 24120
合纵科技 300477 7.59 -1.81 -0.14 166650
聚隆科技 300475 11.02 1.19 0.13 10602
星徽精密 300464 14.92 6.65 0.93 64916
汇洁股份 002763 8.05 0.75 0.06 14482
金发拉比 002762 5.73 3.62 0.2 46442
多喜爱 002761 10.9 -7.08 -0.83 217865
永创智能 603901 10.41 3.17 0.32 56978
华铁应急 603300 7.35 2.65 0.19 382233
石大胜华 603026 37.1 6.52 2.27 159031
金桥信息 603918 11.24 1.81 0.2 18563
灵康药业 603669 7.05 1.15 0.08 9091
伟明环保 603568 22.51 -0.75 -0.17 35774
迎驾贡酒 603198 19.08 -0.1 -0.02 70598
赛摩电气 300466 5.85 2.99 0.17 47856
高伟达 300465 9.36 1.74 0.16 78301
迈克生物 300463 26.87 1.47 0.39 16575
天际股份 002759 8.91 1.25 0.11 39533
吉祥航空 603885 14.11 0.07 0.01 82938
引力传媒 603598 10.71 9.96 0.97 182024
润达医疗 603108 10.0 0.6 0.06 20564
威帝股份 603023 4.99 -1.58 -0.08 184813
四方精创 300468 35.8 1.68 0.59 152560
迅游科技 300467 22.65 10.0 2.06 343412
华铭智能 300462 25.52 0.12 0.03 19906
华通医药 002758 10.6 3.31 0.34 40684
南兴股份 002757 16.32 1.43 0.23 10772
田中精机 300461 21.91 -1.66 -0.37 25578
永东股份 002753 7.86 2.88 0.22 27103
醋化股份 603968 14.53 1.54 0.22 6794
普莱柯 603566 19.09 -3.44 -0.68 65763
金海环境 603311 11.32 -0.18 -0.02 21623
新通联 603022 13.12 0.77 0.1 35065
先导智能 300450 45.76 9.45 3.95 189434
艾华集团 603989 21.15 2.92 0.6 21605
海利生物 603718 12.77 0.47 0.06 28081
雪峰科技 603227 4.47 0.9 0.04 76198
惠伦晶体 300460 14.64 -3.49 -0.53 201765
金科文化 300459 3.28 1.86 0.06 897999
全志科技 300458 33.09 0.64 0.21 184509
康拓红外 300455 10.68 -1.66 -0.18 139729
三鑫医疗 300453 7.53 3.43 0.25 22329
山河药辅 300452 15.03 2.04 0.3 9006
永兴材料 002756 16.78 2.13 0.35 20032
奥赛康 002755 16.31 0.55 0.09 25085
赢合科技 300457 31.8 7.32 2.17 87646
耐威科技 300456 26.1 7.19 1.75 559887
创业慧康 300451 18.06 0.39 0.07 82581
广信股份 603599 14.39 0.84 0.12 12043
莱克电气 603355 23.53 0.56 0.13 12727
中光防雷 300414 12.15 0.83 0.1 31555
江苏有线 600959 3.92 0.77 0.03 91615
星光农机 603789 14.08 -0.42 -0.06 15118
珍宝岛 603567 11.46 0.35 0.04 4626
派思股份 603318 12.14 1.0 0.12 166475
福鞍股份 603315 11.9 -0.42 -0.05 22260
浩云科技 300448 7.67 1.19 0.09 121204
康斯特 300445 17.01 0.0 0.0 47425
普丽盛 300442 15.28 3.52 0.52 11604
鹏辉能源 300438 28.45 6.16 1.65 164103
金石亚药 300434 7.25 1.26 0.09 8584
博济医药 300404 13.92 5.14 0.68 35023
易尚展示 002751 26.75 1.48 0.39 56973
老百姓 603883 61.95 -0.88 -0.55 22504
盛洋科技 603703 15.05 -1.63 -0.25 36492
山东华鹏 603021 8.78 -0.79 -0.07 25213
乐凯新材 300446 17.75 2.07 0.36 37037
双杰电气 300444 5.26 2.73 0.14 170231
鲍斯股份 300441 9.65 -4.55 -0.46 237181
运达科技 300440 7.8 2.23 0.17 50675
清水源 300437 10.23 1.59 0.16 13252
曲美家居 603818 8.1 1.25 0.1 19273
歌力思 603808 13.58 0.67 0.09 30319
大豪科技 603025 8.88 0.34 0.03 39775
汉邦高科 300449 10.97 1.86 0.2 104878
全信股份 300447 9.99 1.11 0.11 14937
金雷股份 300443 13.47 1.05 0.14 18464
美康生物 300439 13.42 0.98 0.13 9030
广生堂 300436 33.1 1.85 0.6 13975
航新科技 300424 15.99 -0.19 -0.03 22494
昇兴股份 002752 6.01 1.01 0.06 15422
新智认知 603869 11.98 -1.24 -0.15 29357
九华旅游 603199 23.32 0.21 0.05 2711
中泰股份 300435 10.78 2.47 0.26 15659
浙江鼎力 603338 72.08 0.84 0.6 8507
爱普股份 603020 8.02 1.26 0.1 14838
龙韵股份 603729 16.07 3.68 0.57 12112
暴风集团 300431 3.72 10.06 0.34 392834
强力新材 300429 16.73 9.99 1.52 679048
龙津药业 002750 12.52 -1.73 -0.22 187229
东方证券 600958 10.37 0.88 0.09 177774
腾龙股份 603158 15.03 2.11 0.31 9966
全筑股份 603030 5.9 -1.5 -0.09 61034
创力集团 603012 9.44 1.51 0.14 285939
国光股份 002749 11.41 2.15 0.24 13574
埃斯顿 002747 11.2 1.82 0.2 57487
立霸股份 603519 13.93 2.43 0.33 11692
松发股份 603268 15.97 1.14 0.18 6328
拓普集团 601689 18.1 3.25 0.57 110124
富临精工 300432 10.23 -4.57 -0.49 332577
诚益通 300430 7.96 4.05 0.31 41865
四通新材 300428 13.78 6.25 0.81 43997
恒通科技 300374 9.21 2.45 0.22 13404
世龙实业 002748 7.33 3.09 0.22 14346
蓝思科技 300433 14.15 1.65 0.23 355737
弘讯科技 603015 6.73 -3.3 -0.23 183003
继峰股份 603997 8.27 0.61 0.05 29676
维力医疗 603309 14.42 1.55 0.22 11491
银龙股份 603969 4.18 -0.24 -0.01 67098
柯利达 603828 5.18 0.78 0.04 21450
东兴证券 601198 12.1 0.83 0.1 344267
共进股份 603118 11.16 0.36 0.04 164473
益丰药房 603939 71.35 -0.7 -0.5 27291
好莱客 603898 15.84 3.87 0.59 18828
杭电股份 603618 5.47 3.21 0.17 66330
济民制药 603222 48.93 -0.75 -0.37 3138
红相股份 300427 14.35 4.44 0.61 44317
唐德影视 300426 6.47 5.2 0.32 102197
鲁亿通 300423 12.86 1.9 0.24 18734
博世科 300422 10.11 0.7 0.07 29546
力星股份 300421 6.72 2.75 0.18 27466
五洋停车 300420 5.45 1.3 0.07 91013
天孚通信 300394 37.24 3.04 1.1 19635
木林森 002745 14.17 3.58 0.49 209242
富煌钢构 002743 6.32 1.94 0.12 37992
三圣股份 002742 5.91 1.2 0.07 13948
中建环能 300425 4.33 1.17 0.05 17437
仙坛股份 002746 15.53 1.17 0.18 48244
光华科技 002741 12.43 10.0 1.13 126497
华友钴业 603799 35.31 10.0 3.21 666890
航天工程 603698 12.44 1.97 0.24 11566
诺力股份 603611 16.57 0.55 0.09 22016
晨光文具 603899 46.4 0.35 0.16 41736
健盛集团 603558 9.74 1.14 0.11 27332
利民股份 002734 13.22 0.69 0.09 19296
龙马环卫 603686 10.83 1.79 0.19 86311
火炬电子 603678 21.9 2.05 0.44 41753
永艺股份 603600 11.64 1.57 0.18 50427
南华仪器 300417 44.8 -3.76 -1.75 53453
伊之密 300415 10.35 5.94 0.58 103697
再升科技 603601 7.06 0.57 0.04 20853
西部黄金 601069 15.22 -0.33 -0.05 167648
浩丰科技 300419 6.07 1.68 0.1 26024
苏试试验 300416 27.95 1.64 0.45 13485
爱迪尔 002740 6.4 3.06 0.19 59825
万达电影 002739 17.8 0.17 0.03 281579
春秋航空 601021 42.4 -0.7 -0.3 27464
昆仑万维 300418 17.32 6.0 0.98 439381
芒果超媒 300413 34.11 2.74 0.91 67538
中文在线 300364 4.16 0.24 0.01 273170
宁波高发 603788 15.58 3.8 0.57 12877
新澳股份 603889 5.63 0.18 0.01 15539
中衡设计 603017 10.29 1.18 0.12 8099
迦南科技 300412 6.46 2.05 0.13 20146
金盾股份 300411 7.25 1.4 0.1 14478
正业科技 300410 7.94 2.45 0.19 70259
南威软件 603636 11.59 1.4 0.16 76392
中矿资源 002738 16.24 3.18 0.5 33279
葵花药业 002737 14.48 0.77 0.11 12390
高能环境 603588 9.36 0.65 0.06 30770
国信证券 002736 11.95 0.84 0.1 116697
华电重工 601226 4.19 1.45 0.06 18937
海南矿业 601969 5.7 3.26 0.18 50164
方盛制药 603998 7.95 0.76 0.06 89164
燕塘乳业 002732 22.25 0.91 0.2 11522
柳药股份 603368 33.64 0.27 0.09 15978
锦泓集团 603518 6.86 1.78 0.12 11986
道氏技术 300409 12.27 10.04 1.12 244167
三环集团 300408 22.18 2.31 0.5 120849
凯发电气 300407 7.92 1.67 0.13 29281
王子新材 002735 18.16 2.6 0.46 5920
雄韬股份 002733 24.91 5.42 1.28 191038
福达股份 603166 5.44 1.3 0.07 12540
宁波精达 603088 9.0 1.24 0.11 19998
合锻智能 603011 5.07 1.81 0.09 46873
中科曙光 603019 34.4 0.88 0.3 126249
陕西黑猫 601015 3.09 1.64 0.05 59785
中电电机 603988 9.68 3.09 0.29 36074
萃华珠宝 002731 7.45 0.81 0.06 34771
海洋王 002724 7.33 2.52 0.18 61264
石英股份 603688 16.74 0.0 0.0 52652
九强生物 300406 15.77 0.32 0.05 41554
科隆股份 300405 6.83 2.25 0.15 45657
汉宇集团 300403 5.2 1.17 0.06 32126
东方电缆 603606 11.11 1.09 0.12 41180
中设集团 603018 10.25 -0.68 -0.07 56774
九洲药业 603456 13.99 0.0 0.0 32982
万盛股份 603010 11.11 -0.09 -0.01 23601
宝色股份 300402 9.2 2.34 0.21 16258
劲拓股份 300400 14.22 -2.47 -0.36 137472
兰石重装 603169 5.92 4.41 0.25 131133
花园生物 300401 12.29 1.65 0.2 68985
京天利 300399 14.01 2.26 0.31 38797
飞凯材料 300398 14.67 5.77 0.8 199893
电光科技 002730 7.91 2.59 0.2 13646
重庆燃气 600917 7.35 -0.14 -0.01 40268
节能风电 601016 2.37 1.28 0.03 107444
华懋科技 603306 13.92 -0.14 -0.02 16549
中来股份 300393 14.38 3.38 0.47 45067
好利来 002729 43.16 3.63 1.51 6128
天和防务 300397 29.1 1.75 0.5 102372
迪瑞医疗 300396 17.79 3.43 0.59 32580
菲利华 300395 20.67 0.1 0.02 26551
腾信股份 300392 7.23 1.4 0.1 28274
福斯特 603806 46.32 -0.88 -0.41 15924
会稽山 601579 8.43 0.0 0.0 8562
长白山 603099 8.94 1.48 0.13 8824
禾丰牧业 603609 11.63 0.09 0.01 39863
川仪股份 603100 8.62 1.06 0.09 12207
康尼机电 603111 5.1 0.39 0.02 30353
康跃科技 300391 7.01 6.53 0.43 142384
艾比森 300389 11.07 0.73 0.08 30491
国祯环保 300388 10.8 -0.55 -0.06 102462
三联虹普 300384 17.66 8.74 1.42 145781
中材节能 603126 4.74 1.5 0.07 20588
天华超净 300390 6.01 10.07 0.55 217583
特一药业 002728 16.65 0.0 0.0 4021
北特科技 603009 6.14 1.66 0.1 33571
今世缘 603369 29.42 1.48 0.43 54798
莎普爱思 603168 8.72 2.47 0.21 44236
富邦股份 300387 9.8 1.66 0.16 15448
一心堂 002727 22.76 -0.09 -0.02 20517
依顿电子 603328 10.99 3.1 0.33 110151
联明股份 603006 11.26 1.62 0.18 31706
飞天诚信 300386 13.62 1.64 0.22 43622
雪浪环境 300385 11.82 0.94 0.11 11352
龙大肉食 002726 6.87 0.0 0.0 79064
岭南股份 002717 4.78 -0.83 -0.04 101579
登云股份 002715 17.75 3.8 0.65 21557
东易日盛 002713 7.08 0.85 0.06 24384
海天味业 603288 106.0 0.09 0.1 20812
晶方科技 603005 41.9 2.87 1.17 165085
光环新网 300383 19.49 2.04 0.39 203383
斯莱克 300382 5.82 -1.02 -0.06 123695
绿盟科技 300369 18.52 1.26 0.23 38696
东方网力 300367 4.45 2.06 0.09 224645
博腾股份 300363 14.07 3.08 0.42 59650
跃岭股份 002725 9.71 2.1 0.2 38261
金莱特 002723 9.34 1.97 0.18 16406
陕西煤业 601225 8.75 0.81 0.07 77779
溢多利 300381 10.36 3.29 0.33 95679
安硕信息 300380 19.98 2.99 0.58 17608
东方通 300379 48.94 -4.02 -2.05 273052
金轮股份 002722 16.02 3.62 0.56 60887
麦趣尔 002719 10.91 1.11 0.12 8955
友邦吊顶 002718 16.48 1.67 0.27 4764
牧原股份 002714 78.77 -1.76 -1.41 146203
鼎捷软件 300378 14.53 1.61 0.23 49543
赢时胜 300377 11.28 0.71 0.08 142848
易事特 300376 4.69 -4.29 -0.21 287745
鹏翎股份 300375 3.58 3.17 0.11 88668
创意信息 300366 10.6 2.42 0.25 80912
金一文化 002721 6.2 -4.62 -0.3 451275
贵人鸟 603555 5.81 10.04 0.53 411857
扬杰科技 300373 17.74 1.37 0.24 115806
汇中股份 300371 12.6 -2.48 -0.32 38188
安控科技 300370 3.75 2.18 0.08 547598
汇金股份 300368 8.14 3.43 0.27 84549
恒华科技 300365 13.11 0.92 0.12 27608
思美传媒 002712 7.47 0.0 0.0 99665
天赐材料 002709 20.83 5.63 1.11 168943
众信旅游 002707 6.21 2.81 0.17 322290
应流股份 603308 12.72 0.95 0.12 46068
天翔环境 300362 2.77 2.97 0.08 124945
炬华科技 300360 13.5 3.93 0.51 104174
全通教育 300359 5.74 1.41 0.08 67742
楚天科技 300358 7.08 9.94 0.64 4780
我武生物 300357 44.07 0.78 0.34 71028
光洋股份 002708 7.65 2.0 0.15 45516
良信电器 002706 8.65 1.05 0.09 32036
新宝股份 002705 15.79 0.7 0.11 27029
纽威股份 603699 13.82 1.02 0.14 15595
