N甬金 603995 32.43 44.01 9.91 10691
天奈科技 688116 32.48 12.9 3.71 102606
联瑞新材 688300 43.85 12.67 4.93 40855
嘉元科技 688388 50.8 11.6 5.28 55067
华仪电气 600290 3.49 10.09 0.32 788000
复旦复华 600624 8.97 10.06 0.82 530491
贵人鸟 603555 5.81 10.04 0.53 411857
鼎胜新材 603876 14.18 10.01 1.29 98656
华友钴业 603799 35.31 10.0 3.21 666890
江化微 603078 35.31 10.0 3.21 71509
海汽集团 603069 9.8 9.99 0.89 117908
航天通信 600677 9.16 9.96 0.83 546229
凌云股份 600480 8.17 9.96 0.74 199939
引力传媒 603598 10.71 9.96 0.97 182024
洛阳钼业 603993 4.1 9.92 0.37 4729429
江西铜业 600362 16.23 8.93 1.33 541098
法拉电子 600563 49.79 8.71 3.99 44039
海航基础 600515 4.61 8.47 0.36 858532
国检集团 603060 23.07 8.46 1.8 58352
常熟汽饰 603035 13.28 8.41 1.03 139747
文灿股份 603348 19.45 7.4 1.34 80612
容百科技 688005 28.73 7.28 1.95 38665
兆易创新 603986 195.38 7.17 13.08 85863
七一二 603712 24.03 7.09 1.59 101029
宏发股份 600885 34.53 6.77 2.19 82567
石大胜华 603026 37.1 6.52 2.27 159031
三安光电 600703 19.71 6.37 1.18 1247256
惠发食品 603536 19.16 6.33 1.14 74509
盛屯矿业 600711 5.12 6.22 0.3 883244
恒立液压 601100 49.7 6.2 2.9 38329
骆驼股份 601311 9.64 6.17 0.56 283019
杉杉股份 600884 13.6 6.17 0.79 300234
美尔雅 600107 7.09 6.14 0.41 106811
东方材料 603110 16.22 6.08 0.93 47752
浙商证券 601878 10.69 6.05 0.61 1036641
大有能源 600403 4.45 5.95 0.25 293815
君禾股份 603617 13.75 5.85 0.76 61474
至纯科技 603690 29.89 5.81 1.64 131581
金石资源 603505 20.05 5.8 1.1 55785
璞泰来 603659 83.1 5.79 4.55 37917
嘉化能源 600273 10.8 5.68 0.58 345906
两面针 600249 4.67 5.66 0.25 139094
鹏欣资源 600490 4.5 5.63 0.24 342022
西藏珠峰 600338 11.11 5.61 0.59 188351
杭可科技 688006 40.93 5.54 2.15 21825
司太立 603520 45.43 5.53 2.38 26955
卧龙电驱 600580 12.25 5.51 0.64 413876
哈森股份 603958 8.04 5.51 0.42 50083
诺德股份 600110 4.98 5.51 0.26 918793
*ST庞大 601258 1.37 5.38 0.07 345035
方大炭素 600516 12.01 5.26 0.6 1034994
*ST秋林 600891 1.61 5.23 0.08 151338
梦百合 603313 21.08 5.19 1.04 94574
*ST工新 600701 2.23 5.19 0.11 130075
*ST鹏起 600614 1.85 5.11 0.09 10619
*ST信通 600289 3.7 5.11 0.18 3924
贵研铂业 600459 14.92 5.07 0.72 118175
*ST游久 600652 2.28 5.07 0.11 120265
ST中新 603996 5.4 5.06 0.26 50003
厦门钨业 600549 12.88 5.06 0.62 214694
克劳斯 600579 6.87 5.05 0.33 50250
ST威龙 603779 6.46 5.04 0.31 12492
中广天择 603721 20.88 5.03 1.0 68483
ST罗顿 600209 3.55 5.03 0.17 111242
*ST九有 600462 1.88 5.03 0.09 259474
中信建投 601066 28.01 5.02 1.34 648148
*ST刚泰 600687 1.89 5.0 0.09 247980
*ST富控 600634 1.89 5.0 0.09 121766
*ST山水 600234 9.06 4.98 0.43 13852
拉夏贝尔 603157 5.69 4.98 0.27 150979
永悦科技 603879 12.7 4.96 0.6 98443
*ST仰帆 600421 8.06 4.95 0.38 9497
万通地产 600246 4.7 4.91 0.22 136492
旭升股份 603305 33.22 4.89 1.55 75641
中微公司 688012 79.1 4.89 3.69 27273
*ST中安 600654 1.73 4.85 0.08 119377
*ST信威 600485 2.39 4.82 0.11 33538
科力远 600478 4.38 4.78 0.2 328719
华兴源创 688001 44.2 4.74 2.0 50710
海越能源 600387 8.43 4.72 0.38 102843
丰华股份 600615 11.55 4.71 0.52 71127
通宝能源 600780 3.57 4.69 0.16 133758
ST锐电 601558 1.12 4.67 0.05 953201
美思德 603041 17.26 4.67 0.77 15138
ST天成 600112 2.31 4.52 0.1 90448
科森科技 603626 10.87 4.52 0.47 114623
西部矿业 601168 5.8 4.5 0.25 257661
西藏城投 600773 5.63 4.45 0.24 123386
*ST瑞德 600666 2.12 4.43 0.09 283850
顾家家居 603816 44.4 4.42 1.88 28516
兰石重装 603169 5.92 4.41 0.25 131133
博瑞医药 688166 30.8 4.41 1.3 13558
朗博科技 603655 19.23 4.4 0.81 50411
维科技术 600152 6.42 4.39 0.27 227156
ST昌鱼 600275 2.38 4.39 0.1 120188
永新光学 603297 35.06 4.38 1.47 15273
中新集团 601512 15.98 4.38 0.67 837369
ST成城 600247 3.6 4.35 0.15 34359
柏楚电子 688188 151.3 4.32 6.27 10512
浙数文化 600633 8.96 4.31 0.37 131294
海航创新 600555 2.43 4.29 0.1 283921
博闻科技 600883 7.05 4.29 0.29 70828
龙蟠科技 603906 10.95 4.29 0.45 81874
*ST莲花 600186 2.92 4.29 0.12 441293
同济科技 600846 9.5 4.28 0.39 312958
ST新梅 600732 8.3 4.27 0.34 56794
宝泰隆 601011 4.41 4.26 0.18 423577
宁波富邦 600768 14.55 4.23 0.59 330647
盛和资源 600392 8.88 4.23 0.36 299452
华鲁恒升 600426 18.75 4.22 0.76 172751
能科股份 603859 27.73 4.21 1.12 41027
华丽家族 600503 3.23 4.19 0.13 519504
晶丰明源 688368 86.76 4.15 3.46 6370
彤程新材 603650 17.8 4.09 0.7 57126
钱江水利 600283 9.96 4.08 0.39 40257
动力源 600405 4.62 4.05 0.18 100028
宋都股份 600077 2.83 4.04 0.11 151729
瀚叶股份 600226 3.13 3.99 0.12 458559
金山办公 688111 163.2 3.95 6.2 15248
*ST华源 600726 1.85 3.93 0.07 96437
首旅酒店 600258 20.89 3.93 0.79 123321
民丰特纸 600235 4.79 3.9 0.18 86990
瑞贝卡 600439 3.73 3.9 0.14 291382
ST安泰 600408 2.4 3.9 0.09 121715
时代万恒 600241 5.07 3.89 0.19 30829
索通发展 603612 11.8 3.87 0.44 75246
好莱客 603898 15.84 3.87 0.59 18828
览海投资 600896 4.31 3.86 0.16 50013
众源新材 603527 10.53 3.85 0.39 32263
长电科技 600584 22.17 3.84 0.82 495333
赛福天 603028 11.92 3.83 0.44 33692
航天宏图 688066 36.88 3.83 1.36 15333
有研新材 600206 11.94 3.83 0.44 457348
大连热电 600719 4.9 3.81 0.18 35628
广晟有色 600259 32.45 3.81 1.19 58927
宁波高发 603788 15.58 3.8 0.57 12877
横店影视 603103 17.8 3.79 0.65 24840
紫金矿业 601899 4.12 3.78 0.15 2100252
天风证券 601162 6.89 3.77 0.25 1243493
科达洁能 600499 4.16 3.74 0.15 86475
凤凰光学 600071 11.76 3.7 0.42 29908
方邦股份 688020 91.0 3.69 3.24 7102
龙韵股份 603729 16.07 3.68 0.57 12112
京城股份 600860 5.96 3.65 0.21 39473
宏达股份 600331 2.58 3.61 0.09 183361
ST辅仁 600781 6.03 3.61 0.21 167752
海南橡胶 601118 4.91 3.59 0.17 411666
珠江实业 600684 3.81 3.53 0.13 72281
中铁工业 600528 10.86 3.53 0.37 124427
百利科技 603959 8.6 3.49 0.29 56842
上海亚虹 603159 11.3 3.48 0.38 10624
山东药玻 600529 26.02 3.46 0.87 52964
北矿科技 600980 13.76 3.46 0.46 37493
来伊份 603777 11.69 3.45 0.39 30033
*ST电能 600877 5.43 3.43 0.18 45384
南京医药 600713 4.54 3.42 0.15 80464
金辰股份 603396 19.7 3.41 0.65 16990
国美通讯 600898 7.6 3.4 0.25 47193
德宏股份 603701 13.38 3.4 0.44 74195
亚星客车 600213 8.9 3.37 0.29 83299
怡球资源 601388 1.87 3.31 0.06 194799
金隅集团 601992 3.43 3.31 0.11 425658
悦达投资 600805 4.99 3.31 0.16 48486
虹软科技 688088 47.29 3.3 1.51 16396
梦舟股份 600255 1.57 3.29 0.05 239260
海南矿业 601969 5.7 3.26 0.18 50164
坤彩科技 603826 15.84 3.26 0.5 34823
拓普集团 601689 18.1 3.25 0.57 110124
安集科技 688019 122.86 3.24 3.86 5751
海油工程 600583 6.7 3.24 0.21 190417
华钰矿业 601020 8.95 3.23 0.28 72799
*ST金山 600396 1.93 3.21 0.06 67866
杭电股份 603618 5.47 3.21 0.17 66330
华建集团 600629 8.73 3.19 0.27 23659
宁波韵升 600366 6.47 3.19 0.2 261540
宏昌电子 603002 4.21 3.19 0.13 72769
黄河旋风 600172 2.92 3.18 0.09 132722
皇马科技 603181 16.88 3.18 0.52 27653
ST运盛 600767 4.87 3.18 0.15 21302
健康元 600380 10.08 3.17 0.31 169789
永创智能 603901 10.41 3.17 0.32 56978
驰宏锌锗 600497 4.24 3.16 0.13 265414
天创时尚 603608 7.2 3.15 0.22 103231
西藏天路 600326 7.2 3.15 0.22 182118
奥福环保 688021 33.36 3.12 1.01 17804
万里股份 600847 10.9 3.12 0.33 6949
天宜上佳 688033 26.77 3.12 0.81 16044
锦江酒店 600754 28.76 3.12 0.87 33944
大湖股份 600257 4.31 3.11 0.13 65929
绿色动力 601330 10.64 3.1 0.32 101339
依顿电子 603328 10.99 3.1 0.33 110151
中电电机 603988 9.68 3.09 0.29 36074
纵横通信 603602 25.57 3.06 0.76 121662
华体科技 603679 42.16 3.06 1.25 8806
兴业股份 603928 12.16 3.05 0.36 10267
神力股份 603819 13.88 3.04 0.41 16287
电子城 600658 4.75 3.04 0.14 94412
热景生物 688068 45.9 3.03 1.35 9000
宝钛股份 600456 24.51 3.03 0.72 64454
金钼股份 601958 7.88 3.01 0.23 257025
保隆科技 603197 32.56 3.01 0.95 72098
亚普股份 603013 15.48 2.99 0.45 39427
北汽蓝谷 600733 5.85 2.99 0.17 156834
剑桥科技 603083 27.64 2.98 0.8 67438
亿晶光电 600537 3.11 2.98 0.09 40453
新疆众和 600888 4.5 2.97 0.13 62672
*ST天雁 600698 3.13 2.96 0.09 87988
新华锦 600735 6.66 2.94 0.19 127624
克来机电 603960 32.4 2.92 0.92 22351
艾华集团 603989 21.15 2.92 0.6 21605
交大昂立 600530 4.94 2.92 0.14 87752
淳中科技 603516 38.82 2.89 1.09 21818
合盛硅业 603260 29.58 2.89 0.83 28783
福达合金 603045 14.99 2.88 0.42 32442
百傲化学 603360 33.55 2.88 0.94 15693
晶方科技 603005 41.9 2.87 1.17 165085
海天精工 601882 7.23 2.84 0.2 10303
中体产业 600158 9.79 2.84 0.27 92485
新日股份 603787 14.2 2.82 0.39 70151
北方稀土 600111 10.57 2.82 0.29 415869
博通股份 600455 33.3 2.81 0.91 22235
美都能源 600175 1.84 2.79 0.05 306699
京能置业 600791 4.05 2.79 0.11 65774
麦迪科技 603990 33.88 2.79 0.92 31736
大丰实业 603081 17.52 2.76 0.47 129940
中持股份 603903 13.85 2.74 0.37 17773
西部超导 688122 31.84 2.74 0.85 15193
盘江股份 600395 6.01 2.74 0.16 101630
*ST金泰 600385 7.89 2.73 0.21 7436
豫光金铅 600531 4.51 2.73 0.12 176534
永辉超市 601933 7.92 2.72 0.21 945283
中国高科 600730 4.91 2.72 0.13 49967
交控科技 688015 31.76 2.72 0.84 11581
ST云维 600725 2.66 2.7 0.07 33839
金花股份 600080 6.08 2.7 0.16 66404
联创光电 600363 16.01 2.69 0.42 208151
ST中天 600856 2.3 2.68 0.06 115836
武进不锈 603878 10.74 2.68 0.28 58285
银鸽投资 600069 2.69 2.67 0.07 129518
巨化股份 600160 6.92 2.67 0.18 148138
华铁应急 603300 7.35 2.65 0.19 382233
商业城 600306 5.81 2.65 0.15 24812
秦安股份 603758 5.83 2.64 0.15 21038
西昌电力 600505 10.12 2.64 0.26 28342
白银有色 601212 3.51 2.63 0.09 267657
绝味食品 603517 44.95 2.63 1.15 44938
中航沈飞 600760 31.72 2.62 0.81 98706
朗迪集团 603726 11.41 2.61 0.29 10899
长春一东 600148 13.39 2.61 0.34 11124
国机通用 600444 10.65 2.6 0.27 8545
春秋电子 603890 10.7 2.59 0.27 93554
钱江生化 600796 5.56 2.58 0.14 13122
ST南化 600301 7.18 2.57 0.18 9765
合力科技 603917 10.41 2.56 0.26 12485
空港股份 600463 7.27 2.54 0.18 16936
东方通信 600776 21.43 2.54 0.53 271082
丽岛新材 603937 10.92 2.54 0.27 17009
当代明诚 600136 12.95 2.53 0.32 154470
山鹰纸业 600567 3.65 2.53 0.09 688604
西部资源 600139 3.25 2.52 0.08 134524
清溢光电 688138 16.3 2.52 0.4 55918
翔港科技 603499 15.5 2.51 0.38 14804
力帆股份 601777 2.88 2.49 0.07 184664
科华控股 603161 13.26 2.47 0.32 11053
莎普爱思 603168 8.72 2.47 0.21 44236
海信电器 600060 10.04 2.45 0.24 148853
岱美股份 603730 29.88 2.43 0.71 23682
恒为科技 603496 22.34 2.43 0.53 50747
捷昌驱动 603583 44.28 2.43 1.05 17798
立霸股份 603519 13.93 2.43 0.33 11692
三友化工 600409 5.91 2.43 0.14 180974
精伦电子 600355 3.38 2.42 0.08 94031
长城电工 600192 5.07 2.42 0.12 38054
光峰科技 688007 27.49 2.42 0.65 14312
ST亚星 600319 4.66 2.42 0.11 20414
新集能源 601918 3.39 2.42 0.08 147720
爱柯迪 600933 13.56 2.42 0.32 41444
菲林格尔 603226 20.02 2.4 0.47 62064
建龙微纳 688357 48.7 2.4 1.14 12225
置信电气 600517 8.13 2.39 0.19 256106
ST华鼎 601113 3.87 2.38 0.09 170114
海尔智家 600690 19.41 2.37 0.45 470782
永安行 603776 17.29 2.37 0.4 14632
世运电路 603920 16.45 2.36 0.38 37988
荣泰健康 603579 30.8 2.36 0.71 8120
广州酒家 603043 30.4 2.36 0.7 18062
绿庭投资 600695 8.7 2.35 0.2 849083
海航控股 600221 1.74 2.35 0.04 1472507
振德医疗 603301 20.55 2.34 0.47 11747
长城科技 603897 18.39 2.34 0.42 7821
澳柯玛 600336 4.38 2.34 0.1 20853
大唐电信 600198 10.52 2.33 0.24 143725
浪莎股份 600137 14.49 2.33 0.33 4620
天安新材 603725 7.47 2.33 0.17 11913
晶华新材 603683 13.23 2.32 0.3 14788
天准科技 688003 28.67 2.32 0.65 17246
三星新材 603578 20.3 2.32 0.46 7506
南山铝业 600219 2.21 2.31 0.05 540229
*ST百花 600721 6.21 2.31 0.14 23514
春风动力 603129 40.92 2.3 0.92 19343
祥和实业 603500 12.46 2.3 0.28 6155
兖州煤业 600188 9.85 2.28 0.22 185959
中国动力 600482 19.81 2.27 0.44 43982
联美控股 600167 13.09 2.27 0.29 34346
香溢融通 600830 5.43 2.26 0.12 30963
山石网科 688030 43.9 2.26 0.97 29478
上海凤凰 600679 12.22 2.26 0.27 10356
三峡新材 600293 3.18 2.25 0.07 88262
福光股份 688010 41.81 2.25 0.92 12805
振江股份 603507 22.3 2.25 0.49 5330
世茂股份 600823 4.11 2.24 0.09 148228
中直股份 600038 47.98 2.24 1.05 39910
冠豪高新 600433 3.21 2.23 0.07 55740
迈得医疗 688310 29.01 2.22 0.63 17563
金能科技 603113 10.6 2.22 0.23 39985
上海雅仕 603329 13.83 2.22 0.3 13347
乐鑫科技 688018 164.77 2.21 3.57 7402
申联生物 688098 16.2 2.21 0.35 22789
建设机械 600984 10.24 2.2 0.22 78598
乐凯胶片 600135 6.99 2.19 0.15 23485
万业企业 600641 16.0 2.17 0.34 79406
林海股份 600099 6.59 2.17 0.14 21388
东安动力 600178 4.71 2.17 0.1 20142
常熟银行 601128 8.96 2.17 0.19 197925
睿创微纳 688002 37.8 2.16 0.8 31501
太极实业 600667 7.56 2.16 0.16 266395
梅轮电梯 603321 8.06 2.15 0.17 24488
创业环保 600874 7.12 2.15 0.15 37134
松炀资源 603863 15.84 2.13 0.33 33603
莫高股份 600543 5.76 2.13 0.12 25849
华扬联众 603825 14.41 2.13 0.3 26578
千禾味业 603027 21.15 2.12 0.44 44427
快克股份 603203 24.71 2.11 0.51 8384
腾龙股份 603158 15.03 2.11 0.31 9966
百达精工 603331 16.0 2.11 0.33 7276
友好集团 600778 5.35 2.1 0.11 26614
中国铝业 601600 3.41 2.1 0.07 657409
海峡环保 603817 6.34 2.09 0.13 19636
涪陵电力 600452 18.07 2.09 0.37 28263
新泉股份 603179 19.57 2.09 0.4 25931
宝兰德 688058 101.85 2.08 2.08 7238
安正时尚 603839 11.78 2.08 0.24 27547
ST创兴 600193 3.95 2.07 0.08 21272
火炬电子 603678 21.9 2.05 0.44 41753
金枫酒业 600616 4.98 2.05 0.1 35186
易德龙 603380 16.01 2.04 0.32 14788
瀚川智能 688022 42.65 2.03 0.85 9001
赛腾股份 603283 31.16 2.03 0.62 27642
三祥新材 603663 13.07 2.03 0.26 8893
上机数控 603185 23.69 2.02 0.47 8484
曙光股份 600303 3.54 2.02 0.07 62228
郴电国际 600969 6.58 2.02 0.13 38705
皖维高新 600063 4.05 2.02 0.08 286303
博威合金 601137 10.65 2.01 0.21 41286
沧州大化 600230 10.15 2.01 0.2 55119
嘉必优 688089 40.18 2.01 0.79 56420
江苏北人 688218 29.02 2.0 0.57 25666
华微电子 600360 6.12 2.0 0.12 225054
天通股份 600330 7.14 2.0 0.14 298438
长江通信 600345 21.99 1.99 0.43 21402
广电电气 601616 3.07 1.99 0.06 71049
信捷电气 603416 28.15 1.99 0.55 13250
传音控股 688036 41.5 1.99 0.81 21226
招商轮船 601872 7.18 1.99 0.14 738117
ST厦华 600870 3.09 1.98 0.06 21488
集友股份 603429 36.08 1.98 0.7 10871
广东榕泰 600589 5.16 1.98 0.1 67052
中国银河 601881 11.36 1.97 0.22 377135
号百控股 600640 26.92 1.97 0.52 158383
航天工程 603698 12.44 1.97 0.24 11566
华脉科技 603042 15.04 1.97 0.29 22510
林洋能源 601222 4.67 1.97 0.09 94999
鼎信通讯 603421 17.16 1.96 0.33 32278
中马传动 603767 7.29 1.96 0.14 11685
波导股份 600130 3.65 1.96 0.07 92907
安博通 688168 102.5 1.95 1.96 6213
振华股份 603067 5.76 1.95 0.11 22930
均胜电子 600699 17.28 1.95 0.33 180906
尖峰集团 600668 15.21 1.94 0.29 90989
晨丰科技 603685 12.59 1.94 0.24 12459
苏盐井神 603299 6.82 1.94 0.13 29434
新光光电 688011 41.1 1.93 0.78 7958
嘉澳环保 603822 23.34 1.92 0.44 2656
博汇纸业 600966 4.79 1.91 0.09 124458
金牛化工 600722 4.79 1.91 0.09 29875
龙宇燃油 603003 7.99 1.91 0.15 16648
红星发展 600367 7.47 1.91 0.14 19949
宏图高科 600122 2.67 1.91 0.05 139497
红阳能源 600758 4.28 1.9 0.08 92728
全柴动力 600218 11.25 1.9 0.21 139754
江苏舜天 600287 5.92 1.89 0.11 25116
新华传媒 600825 5.39 1.89 0.1 46169
华菱精工 603356 12.41 1.89 0.23 13139
财通证券 601108 10.83 1.88 0.2 899150
东方电气 600875 9.21 1.88 0.17 69000
金徽酒 603919 17.37 1.88 0.32 21354
康普顿 603798 12.51 1.87 0.23 35428
康德莱 603987 7.62 1.87 0.14 20329
三美股份 603379 34.96 1.86 0.64 8976
三达膜 688101 19.71 1.86 0.36 37413
洲际油气 600759 2.74 1.86 0.05 171728
珀莱雅 603605 90.58 1.86 1.65 13096
凤竹纺织 600493 5.49 1.86 0.1 14874
南微医学 688029 156.0 1.85 2.84 5385
ST明科 600091 3.85 1.85 0.07 27677
三孚股份 603938 17.1 1.85 0.31 4567
西藏旅游 600749 9.42 1.84 0.17 11704
海泰发展 600082 3.88 1.84 0.07 23150
西南证券 600369 4.99 1.84 0.09 592938
ST坊展 600149 5.55 1.83 0.1 19457
信达地产 600657 3.89 1.83 0.07 44508
中昌数据 600242 6.67 1.83 0.12 85841
吉鑫科技 601218 2.79 1.82 0.05 40222
卓易信息 688258 90.52 1.82 1.62 26559
致远互联 688369 58.75 1.82 1.05 8443
金鹰股份 600232 6.16 1.82 0.11 36106
江苏阳光 600220 2.24 1.82 0.04 46026
泰禾光电 603656 14.59 1.81 0.26 4638
金桥信息 603918 11.24 1.81 0.2 18563
复星医药 600196 26.44 1.81 0.47 138707
合锻智能 603011 5.07 1.81 0.09 46873
卓越新能 688196 40.09 1.8 0.71 10728
华熙生物 688363 80.2 1.8 1.42 16734
神奇制药 600613 6.78 1.8 0.12 21549
华泰证券 601688 19.24 1.8 0.34 683968
展鹏科技 603488 8.51 1.79 0.15 11276
中国船舶 600150 21.65 1.79 0.38 68789
龙马环卫 603686 10.83 1.79 0.19 86311
碳元科技 603133 23.41 1.78 0.41 67623
海量数据 603138 15.42 1.78 0.27 15475
锦泓集团 603518 6.86 1.78 0.12 11986
中通国脉 603559 17.82 1.77 0.31 28059
王府井 600859 13.81 1.77 0.24 34650
洛凯股份 603829 10.99 1.76 0.19 16674
海星股份 603115 20.29 1.76 0.35 22351
中珠医疗 600568 1.74 1.75 0.03 183572
恒通股份 603223 6.39 1.75 0.11 8268
艾艾精工 603580 12.2 1.75 0.21 4974
东湖高新 600133 5.24 1.75 0.09 38337
沃尔德 688028 63.51 1.75 1.09 11313
广东骏亚 603386 15.74 1.75 0.27 20868
山西焦化 600740 7.0 1.74 0.12 62499
南纺股份 600250 6.43 1.74 0.11 10685
ST椰岛 600238 6.45 1.74 0.11 15604
铁流股份 603926 11.73 1.73 0.2 5093
湖南海利 600731 7.04 1.73 0.12 31856
烽火通信 600498 26.45 1.73 0.45 104580
福建水泥 600802 8.23 1.73 0.14 77861
通葡股份 600365 4.14 1.72 0.07 46112
亨通光电 600487 16.01 1.72 0.27 197633
伯特利 603596 22.54 1.71 0.38 38683
阳泉煤业 600348 5.34 1.71 0.09 117149
铜峰电子 600237 3.56 1.71 0.06 66663
桐昆股份 601233 13.68 1.71 0.23 127956
华菱星马 600375 4.76 1.71 0.08 42368
阳光照明 600261 4.77 1.71 0.08 158390
中农立华 603970 12.53 1.7 0.21 8876
博迈科 603727 17.93 1.7 0.3 8956
晶晨股份 688099 53.8 1.7 0.9 13297
大业股份 603278 9.0 1.69 0.15 11167
久日新材 688199 60.19 1.69 1.0 9561
上海洗霸 603200 19.28 1.69 0.32 8101
东睦股份 600114 9.05 1.69 0.15 597355
迪生力 603335 4.83 1.68 0.08 37379
六国化工 600470 4.23 1.68 0.07 42439
红塔证券 601236 16.35 1.68 0.27 442723
微芯生物 688321 54.55 1.68 0.9 12862
航天晨光 600501 7.88 1.68 0.13 38405
金种子酒 600199 6.07 1.68 0.1 54641
中煤能源 601898 4.89 1.66 0.08 90162
兴发集团 600141 9.79 1.66 0.16 39165
天目湖 603136 25.72 1.66 0.42 9281
国芳集团 601086 4.9 1.66 0.08 60690
太龙药业 600222 4.29 1.66 0.07 26851
北特科技 603009 6.14 1.66 0.1 33571
华光股份 600475 9.85 1.65 0.16 7471
中国人保 601319 7.39 1.65 0.12 643316
长阳科技 688299 17.28 1.65 0.28 30832
鸿远电子 603267 47.56 1.65 0.77 15487
陕西黑猫 601015 3.09 1.64 0.05 59785
金自天正 600560 8.7 1.64 0.14 12230
星宇股份 601799 92.05 1.63 1.48 7084
普门科技 688389 16.2 1.63 0.26 16200
招商银行 600036 38.01 1.63 0.61 341856
鲁北化工 600727 6.87 1.63 0.11 30345
新世界 600628 9.37 1.63 0.15 16753
新凤鸣 603225 11.87 1.63 0.19 25057
联明股份 603006 11.26 1.62 0.18 31706
中国通号 688009 6.89 1.62 0.11 186537
江苏吴中 600200 5.02 1.62 0.08 46128
银座股份 600858 5.03 1.62 0.08 25166
铂力特 688333 54.17 1.61 0.86 6828
华联综超 600361 3.78 1.61 0.06 23918
滨化股份 601678 5.05 1.61 0.08 92844
正裕工业 603089 13.9 1.61 0.22 19654
五洲新春 603667 8.22 1.61 0.13 14838
春光科技 603657 24.03 1.61 0.38 4946
日出东方 603366 4.43 1.61 0.07 57868
通用股份 601500 6.34 1.6 0.1 11433
渤海汽车 600960 3.17 1.6 0.05 53089
福蓉科技 603327 26.03 1.6 0.41 24445
星湖科技 600866 4.45 1.6 0.07 32990
华银电力 600744 2.55 1.59 0.04 42842
大龙地产 600159 2.55 1.59 0.04 16652
ST昌九 600228 6.38 1.59 0.1 12046
凯乐科技 600260 13.4 1.59 0.21 136968
法兰泰克 603966 10.23 1.59 0.16 17722
艾迪精密 603638 30.69 1.59 0.48 6143
潞安环能 601699 7.04 1.59 0.11 87663
恒源煤电 600971 5.76 1.59 0.09 106641
思维列控 603508 53.88 1.58 0.84 9613
大胜达 603687 16.71 1.58 0.26 106785
大西洋 600558 3.23 1.57 0.05 38973
黑牡丹 600510 6.46 1.57 0.1 33825
重庆啤酒 600132 53.0 1.57 0.82 22670
永艺股份 603600 11.64 1.57 0.18 50427
天目药业 600671 12.32 1.57 0.19 29884
荣晟环保 603165 16.86 1.57 0.26 6962
云天化 600096 5.22 1.56 0.08 79154
永鼎股份 600105 4.58 1.55 0.07 257166
中材国际 600970 6.55 1.55 0.1 94293
包钢股份 600010 1.31 1.55 0.02 959522
维力医疗 603309 14.42 1.55 0.22 11491
得邦照明 603303 9.85 1.55 0.15 15248
醋化股份 603968 14.53 1.54 0.22 6794
华北制药 600812 8.6 1.53 0.13 294876
荣华实业 600311 3.31 1.53 0.05 108100
出版传媒 601999 5.96 1.53 0.09 29581
三一重工 600031 15.93 1.53 0.24 540018
大智慧 601519 7.98 1.53 0.12 478363
青海春天 600381 5.32 1.53 0.08 31354
酒钢宏兴 600307 2.0 1.52 0.03 224154
丸美股份 603983 62.13 1.52 0.93 9239
吉比特 603444 309.61 1.51 4.61 5539
旭光股份 600353 5.38 1.51 0.08 51313
华域汽车 600741 24.24 1.51 0.36 88658
创力集团 603012 9.44 1.51 0.14 285939
新化股份 603867 23.63 1.5 0.35 12181
金诚信 603979 8.78 1.5 0.13 23904
澄星股份 600078 4.73 1.5 0.07 103983
中闽能源 600163 3.38 1.5 0.05 21971
中材节能 603126 4.74 1.5 0.07 20588
韩建河山 603616 8.13 1.5 0.12 17972
多伦科技 603528 6.79 1.49 0.1 19863
杭叉集团 603298 12.25 1.49 0.18 15374
康缘药业 600557 14.34 1.49 0.21 28082
航天机电 600151 4.78 1.49 0.07 77800
寿仙谷 603896 29.38 1.49 0.43 4549
今世缘 603369 29.42 1.48 0.43 54798
音飞储存 603066 7.53 1.48 0.11 21183
南卫股份 603880 9.59 1.48 0.14 8670
长白山 603099 8.94 1.48 0.13 8824
科博达 603786 53.68 1.47 0.78 29067
中央商场 600280 2.77 1.47 0.04 54886
中国软件 600536 72.8 1.46 1.05 100405
江南高纤 600527 2.08 1.46 0.03 49049
ST柳化 600423 3.47 1.46 0.05 19490
道森股份 603800 12.5 1.46 0.18 9499
芯能科技 603105 6.96 1.46 0.1 47969
亿嘉和 603666 66.15 1.46 0.95 8301
超讯通信 603322 20.89 1.46 0.3 21823
上海天洋 603330 16.03 1.46 0.23 28588
掌阅科技 603533 17.45 1.45 0.25 49656
华电重工 601226 4.19 1.45 0.06 18937
大千生态 603955 15.39 1.45 0.22 5260
吉视传媒 601929 2.1 1.45 0.03 91885
国睿科技 600562 14.72 1.45 0.21 38909
光明乳业 600597 11.92 1.45 0.17 80756
杭萧钢构 600477 2.81 1.44 0.04 73646
杰普特 688025 41.45 1.44 0.59 12271
祥源文化 600576 4.93 1.44 0.07 86391
美诺华 603538 24.7 1.44 0.35 22552
惠而浦 600983 4.94 1.44 0.07 10933
中科软 603927 70.6 1.44 1.0 20773
原尚股份 603813 18.36 1.44 0.26 3412
畅联股份 603648 9.89 1.44 0.14 19040
新疆天业 600075 4.95 1.43 0.07 39497
网达软件 603189 15.62 1.43 0.22 19148
永泰能源 600157 1.42 1.43 0.02 966534
赛诺医疗 688108 16.38 1.42 0.23 33574
重庆港九 600279 4.28 1.42 0.06 20751
迪贝电气 603320 16.44 1.42 0.23 5917
湘电股份 600416 6.5 1.4 0.09 61912
湖南盐业 600929 6.51 1.4 0.09 43454
南威软件 603636 11.59 1.4 0.16 76392
利通电子 603629 28.99 1.4 0.4 20896
亿利洁能 600277 4.35 1.4 0.06 224105
汉商集团 600774 10.88 1.4 0.15 3668
汇得科技 603192 28.31 1.4 0.39 7871
华创阳安 600155 13.07 1.4 0.18 243628
宏和科技 603256 15.25 1.4 0.21 37978
延长化建 600248 4.36 1.4 0.06 24283
玲珑轮胎 601966 22.53 1.4 0.31 49267
华资实业 600191 5.09 1.39 0.07 40341
大晟文化 600892 5.83 1.39 0.08 95860
太平洋 601099 3.65 1.39 0.05 954405
方正科技 600601 3.65 1.39 0.05 179836
恒顺醋业 600305 14.62 1.39 0.2 89285
上海三毛 600689 9.52 1.38 0.13 11684
海航科技 600751 2.93 1.38 0.04 218433
玉龙股份 601028 5.15 1.38 0.07 23829
宏达矿业 600532 3.68 1.38 0.05 63156
天津松江 600225 2.95 1.37 0.04 41511
森特股份 603098 10.36 1.37 0.14 5792
宜华生活 600978 2.96 1.37 0.04 119818
正泰电器 601877 25.92 1.37 0.35 114165
中原证券 601375 5.19 1.37 0.07 332275
北巴传媒 600386 3.71 1.37 0.05 25240
瀚蓝环境 600323 17.09 1.36 0.23 21648
国泰集团 603977 8.18 1.36 0.11 14077
宝胜股份 600973 3.72 1.36 0.05 31761
新湖中宝 600208 3.73 1.36 0.05 784295
兰生股份 600826 11.22 1.36 0.15 14783
博通集成 603068 90.6 1.35 1.21 17692
华新水泥 600801 23.23 1.35 0.31 159688
ST正源 600321 2.25 1.35 0.03 40236
海尔生物 688139 27.78 1.35 0.37 19793
北方导航 600435 8.26 1.35 0.11 68221
德邦股份 603056 11.27 1.35 0.15 20904
国电南自 600268 5.26 1.35 0.07 67723
贵绳股份 600992 6.77 1.35 0.09 9373
上海贝岭 600171 15.83 1.34 0.21 280099
广西广电 600936 3.77 1.34 0.05 23708
博信股份 600083 21.12 1.34 0.28 28550
湘邮科技 600476 14.34 1.34 0.19 16362
*ST厦工 600815 3.02 1.34 0.04 92531
春兰股份 600854 3.79 1.34 0.05 20217
海鸥股份 603269 13.66 1.34 0.18 9383
康惠制药 603139 16.78 1.33 0.22 6277
太原重工 600169 2.29 1.33 0.03 80990
小商品城 600415 3.82 1.33 0.05 104730
市北高新 600604 8.42 1.32 0.11 160763
合诚股份 603909 13.07 1.32 0.17 6636
中公高科 603860 26.92 1.32 0.35 2440
茶花股份 603615 9.23 1.32 0.12 8586
保变电气 600550 3.08 1.32 0.04 27348
郑州煤电 600121 2.31 1.32 0.03 55317
新赛股份 600540 3.86 1.31 0.05 21090
顶点软件 603383 74.16 1.31 0.96 14419
三角轮胎 601163 14.69 1.31 0.19 47907
威尔药业 603351 32.48 1.31 0.42 2704
祥生医疗 688358 46.45 1.31 0.6 9850
康隆达 603665 21.68 1.31 0.28 2424
中国出版 601949 6.2 1.31 0.08 69906
赤峰黄金 600988 4.65 1.31 0.06 407737
伊利股份 600887 30.24 1.31 0.39 268654
光大证券 601788 12.42 1.31 0.16 181787
福达股份 603166 5.44 1.3 0.07 12540
鸿泉物联 688288 32.72 1.3 0.42 21198
上柴股份 600841 7.02 1.3 0.09 5932
信雅达 600571 9.39 1.29 0.12 47864
豪能股份 603809 9.41 1.29 0.12 18536
南京熊猫 600775 10.2 1.29 0.13 60727
鹏博士 600804 6.28 1.29 0.08 187770
亚通股份 600692 6.29 1.29 0.08 26145
金麒麟 603586 18.88 1.29 0.24 46365
普元信息 688118 42.57 1.28 0.54 27558
韦尔股份 603501 151.5 1.28 1.92 45390
ST岩石 600696 13.42 1.28 0.17 11873
浙江仙通 603239 10.27 1.28 0.13 35921
节能风电 601016 2.37 1.28 0.03 107444
安徽建工 600502 3.95 1.28 0.05 34932
哈空调 600202 4.74 1.28 0.06 21174
西水股份 600291 8.71 1.28 0.11 89712
雅运股份 603790 15.84 1.28 0.2 14024
冠城大通 600067 3.97 1.28 0.05 37249
卫信康 603676 10.35 1.27 0.13 6941
爱普股份 603020 8.02 1.26 0.1 14838
中贝通信 603220 20.09 1.26 0.25 40277
拉芳家化 603630 12.87 1.26 0.16 9955
曲美家居 603818 8.1 1.25 0.1 19273
安阳钢铁 600569 2.43 1.25 0.03 134949
数据港 603881 37.28 1.25 0.46 20007
基蛋生物 603387 22.7 1.25 0.28 13159
南京证券 601990 11.35 1.25 0.14 2668335
智慧能源 600869 4.87 1.25 0.06 254052
国金证券 600109 8.93 1.25 0.11 228067
天宸股份 600620 6.51 1.24 0.08 25046
双良节能 600481 3.26 1.24 0.04 32113
联泰环保 603797 11.43 1.24 0.14 32744
泰豪科技 600590 5.72 1.24 0.07 62665
宁波精达 603088 9.0 1.24 0.11 19998
亚振家居 603389 5.75 1.23 0.07 17336
步长制药 603858 20.54 1.23 0.25 62981
中天科技 600522 8.22 1.23 0.1 193680
晋西车轴 600495 4.12 1.23 0.05 57791
南方传媒 601900 9.09 1.22 0.11 21009
至正股份 603991 17.36 1.22 0.21 3682
欧普照明 603515 27.31 1.22 0.33 12615
广日股份 600894 7.45 1.22 0.09 53785
申达股份 600626 5.81 1.22 0.07 33174
中航电子 600372 14.11 1.22 0.17 45607
南钢股份 600282 3.32 1.22 0.04 159858
塞力斯 603716 16.66 1.22 0.2 12181
八一钢铁 600581 3.34 1.21 0.04 219242
嘉友国际 603871 29.23 1.21 0.35 4539
东阳光 600673 9.2 1.21 0.11 171850
中国电影 600977 15.06 1.21 0.18 72178
云煤能源 600792 3.35 1.21 0.04 56268
江泉实业 600212 4.19 1.21 0.05 69243
金瑞矿业 600714 5.87 1.21 0.07 25472
ST狮头 600539 6.71 1.21 0.08 10359
兴业证券 601377 6.74 1.2 0.08 378198
同仁堂 600085 26.17 1.2 0.31 37844
楚天高速 600035 3.38 1.2 0.04 31588
国旅联合 600358 4.23 1.2 0.05 36034
国中水务 600187 2.54 1.2 0.03 55450
安恒信息 688023 149.87 1.2 1.77 7972
宝钢包装 601968 5.09 1.19 0.06 14489
长园集团 600525 5.94 1.19 0.07 89799
中国电研 688128 19.52 1.19 0.23 17486
大同煤业 601001 4.25 1.19 0.05 55076
闻泰科技 600745 93.6 1.19 1.1 118448
中国汽研 601965 7.66 1.19 0.09 23996
新力金融 600318 6.82 1.19 0.08 41581
瑞茂通 600180 6.82 1.19 0.08 24388
中曼石油 603619 13.65 1.19 0.16 19546
安源煤业 600397 2.56 1.19 0.03 223766
嘉诚国际 603535 17.93 1.19 0.21 5758
圣济堂 600227 2.57 1.18 0.03 476189
美迪西 688202 57.42 1.18 0.67 5053
中衡设计 603017 10.29 1.18 0.12 8099
中原高速 600020 4.29 1.18 0.05 89064
标准股份 600302 5.15 1.18 0.06 12193
天域生态 603717 8.59 1.18 0.1 28861
西宁特钢 600117 3.45 1.17 0.04 48068
鄂尔多斯 600295 8.63 1.17 0.1 36624
梅雁吉祥 600868 3.46 1.17 0.04 154113
中航高科 600862 10.38 1.17 0.12 55086
神马股份 600810 7.79 1.17 0.09 44567
好太太 603848 13.86 1.17 0.16 8751
东吴证券 601555 9.53 1.17 0.11 450062
清源股份 603628 7.8 1.17 0.09 5478
鲁信创投 600783 13.87 1.17 0.16 57218
白云电器 603861 8.67 1.17 0.1 8727
吉华集团 603980 7.81 1.17 0.09 22686
华泰股份 600308 4.34 1.17 0.05 44427
吉林高速 601518 2.61 1.16 0.03 21016
梅花生物 600873 4.35 1.16 0.05 76366
志邦家居 603801 21.77 1.16 0.25 20718
沃格光电 603773 32.26 1.16 0.37 14007
易见股份 600093 13.98 1.16 0.16 175134
鹿港文化 601599 3.5 1.16 0.04 154996
光电股份 600184 11.39 1.15 0.13 18129
百大集团 600865 6.14 1.15 0.07 13438
宁波海运 600798 3.51 1.15 0.04 42951
氯碱化工 600618 7.03 1.15 0.08 16263
金牌厨柜 603180 64.18 1.15 0.73 5358
天地源 600665 3.52 1.15 0.04 11387
上海建工 600170 3.52 1.15 0.04 158068
灵康药业 603669 7.05 1.15 0.08 9091
浙江东日 600113 7.05 1.15 0.08 19842
贵广网络 600996 7.94 1.15 0.09 37640
宁夏建材 600449 10.6 1.15 0.12 95830
健盛集团 603558 9.74 1.14 0.11 27332
航民股份 600987 6.2 1.14 0.07 21434
松发股份 603268 15.97 1.14 0.18 6328
文投控股 600715 3.56 1.14 0.04 97674
柳钢股份 601003 5.37 1.13 0.06 76035
哈投股份 600864 7.16 1.13 0.08 335190
日盈电子 603286 15.22 1.13 0.17 21962
天鹅股份 603029 14.35 1.13 0.16 4462
中航重机 600765 9.88 1.13 0.11 39265
福日电子 600203 6.29 1.13 0.07 46315
时代出版 600551 8.1 1.12 0.09 10541
华东电脑 600850 25.23 1.12 0.28 28809
三元股份 600429 5.41 1.12 0.06 6955
伊力特 600197 15.34 1.12 0.17 26963
中船科技 600072 13.6 1.12 0.15 63696
安彩高科 600207 4.54 1.11 0.05 24920
赛轮轮胎 601058 4.55 1.11 0.05 118557
航发动力 600893 20.05 1.11 0.22 37027
科林电气 603050 10.94 1.11 0.12 11762
鸣志电器 603728 10.96 1.11 0.12 9209
强生控股 600662 4.57 1.11 0.05 32887
威派格 603956 16.49 1.1 0.18 14984
四方股份 601126 5.5 1.1 0.06 20089
佳都科技 600728 9.17 1.1 0.1 172314
方大特钢 600507 10.1 1.1 0.11 157907
宝光股份 600379 5.52 1.1 0.06 11022
上海能源 600508 9.21 1.1 0.1 16284
苏州高新 600736 5.53 1.1 0.06 61700
新华医疗 600587 13.85 1.09 0.15 22073
*ST中葡 600084 2.77 1.09 0.03 63233
永吉股份 603058 7.39 1.09 0.08 10122
用友网络 600588 28.65 1.09 0.31 142250
惠泉啤酒 600573 6.47 1.09 0.07 12465
新华文轩 601811 12.95 1.09 0.14 15734
ST康美 600518 3.7 1.09 0.04 360720
东方电缆 603606 11.11 1.09 0.12 41180
茂业商业 600828 4.63 1.09 0.05 18259
中国卫通 601698 11.13 1.09 0.12 182816
远达环保 600292 5.58 1.09 0.06 25690
*ST长投 600119 5.59 1.09 0.06 27515
安徽合力 600761 9.33 1.08 0.1 22925
ST宏盛 600817 7.49 1.08 0.08 8774
丰林集团 601996 2.81 1.08 0.03 48910
精工钢构 600496 2.81 1.08 0.03 83528
万林物流 603117 3.75 1.08 0.04 35362
舍得酒业 600702 29.1 1.08 0.31 40939
天龙股份 603266 12.21 1.08 0.13 34540
吉翔股份 603399 10.34 1.08 0.11 91135
国机汽车 600335 5.64 1.08 0.06 37090
宝钢股份 600019 5.64 1.08 0.06 496585
四川长虹 600839 2.83 1.07 0.03 270497
德新交运 603032 22.67 1.07 0.24 15304
读者传媒 603999 7.58 1.07 0.08 223657
哈高科 600095 8.53 1.07 0.09 137749
保税科技 600794 3.8 1.06 0.04 89234
曲江文旅 600706 8.55 1.06 0.09 6512
中国一重 601106 2.86 1.06 0.03 115644
北方股份 600262 18.12 1.06 0.19 4122
五矿发展 600058 7.64 1.06 0.08 20315
四方科技 603339 13.4 1.06 0.14 8017
如通股份 603036 10.53 1.06 0.11 12982
川仪股份 603100 8.62 1.06 0.09 12207
当虹科技 688039 84.53 1.05 0.88 21228
维维股份 600300 2.89 1.05 0.03 77797
日照港 600017 2.89 1.05 0.03 92311
湘油泵 603319 17.35 1.05 0.18 7509
新疆火炬 603080 16.47 1.04 0.17 11221
水星家纺 603365 15.51 1.04 0.16 31272
五矿资本 600390 7.76 1.04 0.08 87696
申通地铁 600834 6.83 1.04 0.07 12392
凯盛科技 600552 5.87 1.03 0.06 174352
花王股份 603007 6.85 1.03 0.07 11917
恒林股份 603661 43.26 1.03 0.44 7480
开创国际 600097 9.85 1.03 0.1 6596
博天环境 603603 8.87 1.03 0.09 31670
歌华有线 600037 8.88 1.02 0.09 58817
纽威股份 603699 13.82 1.02 0.14 15595
时代新材 600458 6.92 1.02 0.07 85566
日播时尚 603196 7.94 1.02 0.08 29855
天味食品 603317 45.66 1.02 0.46 18116
龙头股份 600630 6.96 1.02 0.07 19274
华达科技 603358 14.93 1.01 0.15 15051
凯众股份 603037 16.97 1.01 0.17 3200
浙江富润 600070 8.99 1.01 0.09 84586
国联股份 603613 70.08 1.01 0.7 10420
兰太实业 600328 8.01 1.01 0.08 23845
联环药业 600513 7.01 1.01 0.07 13279
宁波热电 600982 3.01 1.01 0.03 21895
澜起科技 688008 69.32 1.01 0.69 23244
海立股份 600619 8.04 1.01 0.08 9260
三星医疗 601567 7.04 1.0 0.07 30576
首商股份 600723 6.04 1.0 0.06 17114
华安证券 600909 7.06 1.0 0.07 637504
泉峰汽车 603982 22.2 1.0 0.22 147441
申华控股 600653 2.02 1.0 0.02 51853
派思股份 603318 12.14 1.0 0.12 166475
交建股份 603815 18.23 1.0 0.18 76821
金龙汽车 600686 7.09 1.0 0.07 23989
深圳新星 603978 25.44 0.99 0.25 32543
东宏股份 603856 10.22 0.99 0.1 12180
西安银行 600928 7.17 0.99 0.07 156384
福田汽车 600166 2.05 0.99 0.02 375488
青山纸业 600103 2.05 0.99 0.02 47587
文峰股份 601010 3.08 0.98 0.03 29873
万东医疗 600055 10.27 0.98 0.1 28542
新安股份 600596 9.25 0.98 0.09 52282
中化国际 600500 5.15 0.98 0.05 57804
安德利 603031 20.64 0.98 0.2 18552
航天信息 600271 21.7 0.98 0.21 60896
华胜天成 600410 10.34 0.98 0.1 214395
阳煤化工 600691 2.07 0.98 0.02 78672
勘设股份 603458 18.65 0.97 0.18 9245
株冶集团 600961 8.3 0.97 0.08 14717
天马科技 603668 8.32 0.97 0.08 19176
中国卫星 600118 20.81 0.97 0.2 40335
海螺水泥 600585 50.18 0.97 0.48 133865
香梨股份 600506 10.46 0.97 0.1 10037
龙建股份 600853 3.14 0.96 0.03 34452
京投发展 600683 4.19 0.96 0.04 11684
九州通 600998 13.63 0.96 0.13 94815
邦宝益智 603398 10.5 0.96 0.1 28994
中铝国际 601068 5.25 0.96 0.05 41692
开滦股份 600997 5.26 0.96 0.05 53920
新奥股份 600803 10.54 0.96 0.1 47642
凤凰股份 600716 4.23 0.95 0.04 123881
应流股份 603308 12.72 0.95 0.12 46068
仙鹤股份 603733 13.79 0.95 0.13 7782
佳力图 603912 13.82 0.95 0.13 15719
安记食品 603696 8.53 0.95 0.08 15165
一汽富维 600742 11.77 0.94 0.11 23684
恒银金融 603106 8.57 0.94 0.08 55181
开开实业 600272 7.5 0.94 0.07 4762
皖新传媒 601801 5.36 0.94 0.05 26063
昊华能源 601101 5.37 0.94 0.05 30062
洪都航空 600316 12.91 0.94 0.12 55343
康欣新材 600076 4.31 0.94 0.04 60100
元利科技 603217 47.51 0.93 0.44 5076
陕鼓动力 601369 6.48 0.93 0.06 33075
浪潮软件 600756 20.54 0.93 0.19 51000
四川路桥 600039 3.25 0.93 0.03 98100
尚纬股份 603333 9.76 0.93 0.09 26207
国茂股份 603915 15.21 0.93 0.14 38752
恒丰纸业 600356 7.61 0.93 0.07 9236
苏美达 600710 5.46 0.92 0.05 54657
美克家居 600337 4.37 0.92 0.04 116099
中房股份 600890 6.56 0.92 0.06 16024
文山电力 600995 7.66 0.92 0.07 29033
养元饮品 603156 28.46 0.92 0.26 15432
海欣股份 600851 7.74 0.91 0.07 19687
昊海生科 688366 85.27 0.91 0.77 2818
人民同泰 600829 6.65 0.91 0.06 16188
石化油服 600871 2.22 0.91 0.02 72452
轻纺城 600790 3.33 0.91 0.03 27745
浙大网新 600797 10.0 0.91 0.09 238311
麒盛科技 603610 45.56 0.91 0.41 16782
利群股份 601366 5.57 0.91 0.05 29958
中新药业 600329 13.37 0.91 0.12 12396
飞乐音响 600651 4.46 0.9 0.04 197201
雪峰科技 603227 4.47 0.9 0.04 76198
香江控股 600162 2.24 0.9 0.02 72748
东软集团 600718 11.22 0.9 0.1 55226
有友食品 603697 13.47 0.9 0.12 22529
江苏新能 603693 10.11 0.9 0.09 13151
新五丰 600975 7.88 0.9 0.07 168122
中船防务 600685 14.65 0.9 0.13 28720
天津磁卡 600800 5.64 0.89 0.05 42840
上海物贸 600822 10.16 0.89 0.09 18381
三六零 601360 21.45 0.89 0.19 54383
浙江广厦 600052 4.52 0.89 0.04 129846
山东黄金 600547 31.71 0.89 0.28 401957
益民集团 600824 3.4 0.89 0.03 19113
光明地产 600708 3.4 0.89 0.03 64276
城投控股 600649 5.67 0.89 0.05 46964
实达集团 600734 6.82 0.89 0.06 69395
桃李面包 603866 42.08 0.89 0.37 17168
浙江龙盛 600352 13.65 0.89 0.12 245575
江苏索普 600746 6.83 0.89 0.06 12057
泰瑞机器 603289 9.13 0.88 0.08 16113
新华网 603888 20.61 0.88 0.18 29422
中科曙光 603019 34.4 0.88 0.3 126249
恒生电子 600570 76.84 0.88 0.67 93879
绿城水务 601368 5.75 0.88 0.05 7067
重庆建工 600939 4.6 0.88 0.04 35438
晋亿实业 601002 5.76 0.88 0.05 45780
东方证券 600958 10.37 0.88 0.09 177774
广东明珠 600382 6.92 0.87 0.06 20093
爱建集团 600643 9.23 0.87 0.08 99730
红蜻蜓 603116 6.93 0.87 0.06 10260
城市传媒 600229 6.93 0.87 0.06 32057
济川药业 600566 23.11 0.87 0.2 28028
九鼎投资 600053 20.8 0.87 0.18 16995
皖通高速 600012 5.79 0.87 0.05 24094
大东方 600327 3.48 0.87 0.03 51700
招商证券 600999 17.43 0.87 0.15 95009
倍加洁 603059 25.61 0.87 0.22 7435
小康股份 601127 11.65 0.87 0.1 19612
昆药集团 600422 10.49 0.87 0.09 67810
三爱富 600636 9.33 0.86 0.08 17039
津劝业 600821 4.68 0.86 0.04 29640
中航资本 600705 4.68 0.86 0.04 210409
百利电气 600468 3.51 0.86 0.03 29517
航天电子 600879 5.87 0.86 0.05 143273
中国神华 601088 17.62 0.86 0.15 190869
诚邦股份 603316 9.45 0.85 0.08 8329
振华重工 600320 3.55 0.85 0.03 50422
苏博特 603916 16.57 0.85 0.14 57813
好当家 600467 2.39 0.84 0.02 81656
聚辰股份 688123 80.2 0.84 0.67 88886
广信股份 603599 14.39 0.84 0.12 12043
青松建化 600425 3.6 0.84 0.03 158017
浙江鼎力 603338 72.08 0.84 0.6 8507
傲农生物 603363 15.63 0.84 0.13 40862
益佰制药 600594 4.81 0.84 0.04 43635
金证股份 600446 20.45 0.84 0.17 140670
淮北矿业 600985 9.63 0.84 0.08 29427
北大荒 600598 9.63 0.84 0.08 86570
弘业股份 600128 7.24 0.84 0.06 32428
大商股份 600694 26.56 0.84 0.22 11996
东兴证券 601198 12.1 0.83 0.1 344267
宁波富达 600724 3.63 0.83 0.03 25483
中视传媒 600088 13.34 0.83 0.11 46229
电魂网络 603258 24.34 0.83 0.2 59874
上海电气 601727 4.88 0.83 0.04 88480
风神股份 600469 4.88 0.83 0.04 32711
卓郎智能 600545 6.11 0.83 0.05 60904
汇鸿集团 600981 3.69 0.82 0.03 33682
紫江企业 600210 3.69 0.82 0.03 54774
诺邦股份 603238 17.25 0.82 0.14 6647
大理药业 603963 11.11 0.82 0.09 10168
天津港 600717 6.18 0.82 0.05 35651
恒润股份 603985 14.88 0.81 0.12 10705
常青股份 603768 11.16 0.81 0.09 8836
隆鑫通用 603766 3.72 0.81 0.03 78349
宁波建工 601789 3.72 0.81 0.03 38984
宁波港 601018 3.73 0.81 0.03 90874
华远地产 600743 2.49 0.81 0.02 36939
陕西煤业 601225 8.75 0.81 0.07 77779
江南水务 601199 3.75 0.81 0.03 14254
三维股份 603033 17.62 0.8 0.14 4291
成都银行 601838 8.81 0.8 0.07 123229
奥康国际 603001 8.83 0.8 0.07 12751
天坛生物 600161 26.53 0.8 0.21 26208
杭州解百 600814 5.06 0.8 0.04 11659
*ST菲达 600526 5.07 0.8 0.04 28511
奇精机械 603677 12.68 0.79 0.1 24884
中国医药 600056 12.69 0.79 0.1 24256
嘉泽新能 601619 3.82 0.79 0.03 45851
四川成渝 601107 3.83 0.79 0.03 31044
中储股份 600787 5.12 0.79 0.04 47098
第一医药 600833 8.98 0.79 0.07 6032
平煤股份 601666 3.85 0.79 0.03 106054
通威股份 600438 12.84 0.78 0.1 211717
隆基股份 601012 24.42 0.78 0.19 165919
祁连山 600720 11.62 0.78 0.09 176284
柯利达 603828 5.18 0.78 0.04 21450
航天动力 600343 9.07 0.78 0.07 35426
大元泵业 603757 15.55 0.78 0.12 12341
新天然气 603393 27.31 0.77 0.21 33487
杭州银行 600926 9.12 0.77 0.07 103749
汇顶科技 603160 195.9 0.77 1.5 37622
江苏有线 600959 3.92 0.77 0.03 91615
东方明珠 600637 9.15 0.77 0.07 80760
宏盛股份 603090 15.72 0.77 0.12 8694
新通联 603022 13.12 0.77 0.1 35065
特变电工 600089 6.56 0.77 0.05 98280
武汉控股 600168 6.57 0.77 0.05 11228
国投中鲁 600962 7.9 0.77 0.06 13153
ST亚邦 603188 6.59 0.76 0.05 17505
方盛制药 603998 7.95 0.76 0.06 89164
城地股份 603887 23.85 0.76 0.18 41770
福莱特 601865 10.6 0.76 0.08 104438
东方金钰 600086 2.65 0.76 0.02 295649
精达股份 600577 2.66 0.76 0.02 108956
冠农股份 600251 5.33 0.76 0.04 30663
综艺股份 600770 5.34 0.75 0.04 91584
张江高科 600895 14.72 0.75 0.11 50723
国投资本 600061 12.05 0.75 0.09 210223
凌钢股份 600231 2.68 0.75 0.02 38038
丹化科技 600844 5.37 0.75 0.04 136953
宝丰能源 600989 9.43 0.75 0.07 68991
翠微股份 603123 6.78 0.74 0.05 23869
科沃斯 603486 20.35 0.74 0.15 26886
百川能源 600681 6.79 0.74 0.05 21155
中国中冶 601618 2.73 0.74 0.02 228218
中国国贸 600007 17.78 0.74 0.13 8484
太化股份 600281 4.11 0.74 0.03 24325
龙净环保 600388 9.6 0.73 0.07 31267
东方环宇 603706 20.65 0.73 0.15 18946
中国电建 601669 4.13 0.73 0.03 244338
乐山电力 600644 5.51 0.73 0.04 16937
上海沪工 603131 13.83 0.73 0.1 5010
安信信托 600816 4.15 0.73 0.03 264405
广安爱众 600979 4.17 0.72 0.03 11986
同济堂 600090 4.17 0.72 0.03 128216
金晶科技 600586 2.8 0.72 0.02 35622
山东钢铁 600022 1.4 0.72 0.01 401317
华润双鹤 600062 12.66 0.72 0.09 45952
欧亚集团 600697 16.9 0.72 0.12 6758
亚星锚链 601890 5.65 0.71 0.04 60814
交运股份 600676 4.26 0.71 0.03 27456
兴业银行 601166 19.9 0.71 0.14 467690
元祖股份 603886 17.14 0.71 0.12 16685
新华保险 601336 47.18 0.7 0.33 58905
铁龙物流 600125 5.72 0.7 0.04 60459
云南城投 600239 2.89 0.7 0.02 67322
口子窖 603589 52.06 0.7 0.36 11758
ST景谷 600265 24.6 0.7 0.17 392
和邦生物 603077 1.45 0.69 0.01 685362
马钢股份 600808 2.9 0.69 0.02 118610
三房巷 600370 2.9 0.69 0.02 15952
士兰微 600460 16.01 0.69 0.11 368328
长城汽车 601633 8.74 0.69 0.06 85898
贵航股份 600523 13.12 0.69 0.09 30084
海油发展 600968 2.92 0.69 0.02 319380
金发科技 600143 7.31 0.69 0.05 366728
白云山 600332 33.63 0.69 0.23 31859
国药股份 600511 26.36 0.69 0.18 37540
粤泰股份 600393 2.93 0.69 0.02 202812
天房发展 600322 2.93 0.69 0.02 121738
宜宾纸业 600793 16.14 0.69 0.11 5764
上海电影 601595 14.68 0.69 0.1 27807
德创环保 603177 10.32 0.68 0.07 35175
辰欣药业 603367 16.24 0.68 0.11 21650
生益科技 600183 20.84 0.68 0.14 388080
凤凰传媒 601928 7.46 0.67 0.05 61247
设计总院 603357 10.45 0.67 0.07 16013
龙江交通 601188 2.99 0.67 0.02 20550
锦州港 600190 3.01 0.67 0.02 20397
重庆路桥 600106 3.01 0.67 0.02 36182
重庆百货 600729 28.65 0.67 0.19 22908
歌力思 603808 13.58 0.67 0.09 30319
中青旅 600138 12.11 0.67 0.08 61398
广深铁路 601333 3.03 0.66 0.02 129710
牧高笛 603908 24.33 0.66 0.16 10711
广电网络 600831 9.15 0.66 0.06 153733
君正集团 601216 3.06 0.66 0.02 203825
科达股份 600986 4.6 0.66 0.03 307865
浦发银行 600000 12.28 0.66 0.08 216710
南京化纤 600889 4.61 0.66 0.03 40512
葛洲坝 600068 6.15 0.65 0.04 128199
华贸物流 603128 6.16 0.65 0.04 65325
明阳智能 601615 12.36 0.65 0.08 110052
大众公用 600635 4.64 0.65 0.03 139747
江苏租赁 600901 6.19 0.65 0.04 140161
岷江水电 600131 20.18 0.65 0.13 97656
天地科技 600582 3.11 0.65 0.02 132560
航发科技 600391 14.0 0.65 0.09 26725
高能环境 603588 9.36 0.65 0.06 30770
兰花科创 600123 6.24 0.65 0.04 76988
浦东建设 600284 6.26 0.64 0.04 29015
马应龙 600993 17.23 0.64 0.11 27959
新经典 603096 56.49 0.64 0.36 3778
秦港股份 601326 3.14 0.64 0.02 42701
大连圣亚 600593 42.47 0.64 0.27 8966
昂立教育 600661 17.36 0.64 0.11 4491
贵阳银行 601997 9.48 0.64 0.06 80294
北辰实业 601588 3.16 0.64 0.02 66368
老白干酒 600559 11.08 0.64 0.07 55546
郑煤机 601717 6.34 0.63 0.04 98336
际华集团 601718 3.19 0.63 0.02 114094
ST慧球 600556 11.18 0.63 0.07 53009
景津环保 603279 20.88 0.63 0.13 9804
兰州民百 600738 4.82 0.63 0.03 48245
中恒集团 600252 3.23 0.62 0.02 226268
平高电气 600312 6.47 0.62 0.04 63473
栖霞建设 600533 3.24 0.62 0.02 77643
首创股份 600008 3.24 0.62 0.02 134221
四通股份 603838 8.11 0.62 0.05 7431
海兴电力 603556 16.26 0.62 0.1 30429
三峡水利 600116 8.14 0.62 0.05 45694
苏州龙杰 603332 27.84 0.61 0.17 20867
人民网 603000 19.67 0.61 0.12 119278
广汇汽车 600297 3.29 0.61 0.02 126693
松霖科技 603992 19.75 0.61 0.12 13311
锦江投资 600650 9.9 0.61 0.06 7053
继峰股份 603997 8.27 0.61 0.05 29676
卧龙地产 600173 4.98 0.61 0.03 23362
东尼电子 603595 26.66 0.6 0.16 21089
润达医疗 603108 10.0 0.6 0.06 20564
中国石化 600028 5.02 0.6 0.03 235368
天润乳业 600419 13.42 0.6 0.08 14043
喜临门 603008 15.1 0.6 0.09 54078
南京新百 600682 10.07 0.6 0.06 82360
健民集团 600976 16.79 0.6 0.1 11972
华谊集团 600623 6.72 0.6 0.04 32106
浙江东方 600120 8.42 0.6 0.05 56984
镇海股份 603637 15.24 0.59 0.09 2774
天永智能 603895 23.72 0.59 0.14 8750
长飞光纤 601869 32.27 0.59 0.19 13778
南方航空 600029 6.83 0.59 0.04 204430
青岛港 601298 6.84 0.59 0.04 80450
今创集团 603680 10.3 0.59 0.06 8657
物产中大 600704 5.16 0.58 0.03 95129
现代制药 600420 8.62 0.58 0.05 28041
江中药业 600750 12.1 0.58 0.07 29943
江山股份 600389 19.07 0.58 0.11 8420
苏农银行 603323 5.22 0.58 0.03 175799
中国重工 601989 5.22 0.58 0.03 256613
福成股份 600965 6.96 0.58 0.04 22428
长春燃气 600333 5.22 0.58 0.03 33773
新黄浦 600638 6.97 0.58 0.04 11672
神马电力 603530 21.01 0.57 0.12 30821
再升科技 603601 7.06 0.57 0.04 20853
内蒙一机 600967 10.6 0.57 0.06 49133
重庆钢铁 601005 1.78 0.56 0.01 125546
中信证券 600030 23.18 0.56 0.13 814924
厦门国贸 600755 7.18 0.56 0.04 68748
无锡银行 600908 5.39 0.56 0.03 93172
莱克电气 603355 23.53 0.56 0.13 12727
中国科传 601858 10.94 0.55 0.06 20022
华电国际 600027 3.65 0.55 0.02 140043
诺力股份 603611 16.57 0.55 0.09 22016
我乐家居 603326 14.75 0.55 0.08 15043
华鑫股份 600621 14.75 0.55 0.08 400856
莱绅通灵 603900 9.27 0.54 0.05 15365
上工申贝 600843 7.44 0.54 0.04 4522
祥龙电业 600769 5.6 0.54 0.03 18695
上海临港 600848 24.27 0.54 0.13 30343
海利尔 603639 24.43 0.53 0.13 6226
三江购物 601116 13.22 0.53 0.07 19959
金杯汽车 600609 3.78 0.53 0.02 31853
泛微网络 603039 56.8 0.53 0.3 3860
亚宝药业 600351 5.68 0.53 0.03 29014
上海银行 601229 9.47 0.53 0.05 141312
吉林森工 600189 3.79 0.53 0.02 19336
陆家嘴 600663 13.28 0.53 0.07 12513
广州港 601228 3.81 0.53 0.02 45343
深高速 600548 11.51 0.52 0.06 23323
光大嘉宝 600622 3.84 0.52 0.02 60278
江西长运 600561 5.77 0.52 0.03 21407
京华激光 603607 23.2 0.52 0.12 29682
海容冷链 603187 31.17 0.52 0.16 13347
浙能电力 600023 3.92 0.51 0.02 92868
大众交通 600611 4.01 0.5 0.02 39514
宇通客车 600066 14.12 0.5 0.07 90196
S佳通 600182 16.18 0.5 0.08 5561
大连港 601880 2.03 0.5 0.01 148192
厦门象屿 600057 4.07 0.49 0.02 60514
康恩贝 600572 6.12 0.49 0.03 288625
中金黄金 600489 8.16 0.49 0.04 254699
赣粤高速 600269 4.09 0.49 0.02 64422
苏利股份 603585 20.5 0.49 0.1 4503
天药股份 600488 4.1 0.49 0.02 12914
长久物流 603569 10.3 0.49 0.05 6407
新潮能源 600777 2.06 0.49 0.01 312091
起步股份 603557 8.29 0.48 0.04 29555
中源协和 600645 16.71 0.48 0.08 21755
ST蓝科 601798 6.28 0.48 0.03 8498
中国外运 601598 4.2 0.48 0.02 126144
海通证券 600837 14.74 0.48 0.07 413183
上海九百 600838 6.32 0.48 0.03 15915
*ST中孚 600595 2.11 0.48 0.01 45749
苏州科达 603660 10.61 0.47 0.05 38281
瑞斯康达 603803 12.75 0.47 0.06 30857
桂东电力 600310 4.25 0.47 0.02 58076
海利生物 603718 12.77 0.47 0.06 28081
岳阳林纸 600963 4.29 0.47 0.02 49173
日月股份 603218 19.39 0.47 0.09 13052
千金药业 600479 8.65 0.46 0.04 27673
天士力 600535 15.16 0.46 0.07 94417
四川金顶 600678 6.5 0.46 0.03 324534
南京银行 601009 8.69 0.46 0.04 279047
美凯龙 601828 10.88 0.46 0.05 39133
广誉远 600771 15.26 0.46 0.07 25863
厦门空港 600897 21.97 0.46 0.1 6890
百联股份 600827 8.79 0.46 0.04 24148
五洲交通 600368 4.41 0.46 0.02 65980
长沙银行 601577 8.89 0.45 0.04 106642
心脉医疗 688016 142.49 0.45 0.64 5611
老凤祥 600612 47.16 0.45 0.21 34510
青海华鼎 600243 4.5 0.45 0.02 80371
中国国旅 601888 87.21 0.44 0.38 43410
国电电力 600795 2.31 0.43 0.01 221220
东风汽车 600006 4.63 0.43 0.02 107392
正平股份 603843 4.65 0.43 0.02 58317
四创电子 600990 44.58 0.43 0.19 8925
中国核建 601611 7.04 0.43 0.03 57712
南京高科 600064 9.44 0.43 0.04 51981
宝信软件 600845 33.15 0.42 0.14 45797
东材科技 601208 4.75 0.42 0.02 24216
明星电力 600101 7.17 0.42 0.03 36344
大唐发电 601991 2.42 0.41 0.01 77802
川投能源 600674 9.72 0.41 0.04 59233
广汇物流 600603 4.88 0.41 0.02 17388
敦煌种业 600354 4.91 0.41 0.02 131884
丰山集团 603810 29.55 0.41 0.12 2948
园城黄金 600766 7.43 0.41 0.03 70318
昭衍新药 603127 57.5 0.4 0.23 14194
中远海发 601866 2.52 0.4 0.01 125738
新华百货 600785 15.16 0.4 0.06 5741
乐惠国际 603076 22.75 0.4 0.09 5121
华夏银行 600015 7.59 0.4 0.03 78213
国泰君安 601211 17.74 0.4 0.07 214990
贵州燃气 600903 15.23 0.4 0.06 101265
唐山港 601000 2.54 0.4 0.01 104141
营口港 600317 2.54 0.4 0.01 55545
康尼机电 603111 5.1 0.39 0.02 30353
中远海控 601919 5.11 0.39 0.02 115948
淮河能源 600575 2.57 0.39 0.01 163184
汇金通 603577 10.31 0.39 0.04 10591
睿能科技 603933 15.51 0.39 0.06 51221
豫园股份 600655 7.76 0.39 0.03 44408
中国巨石 600176 10.35 0.39 0.04 317064
上海电力 600021 7.83 0.38 0.03 33989
建研院 603183 10.49 0.38 0.04 24998
中文传媒 600373 13.16 0.38 0.05 54437
内蒙华电 600863 2.68 0.37 0.01 101286
东方航空 600115 5.36 0.37 0.02 230876
三棵树 603737 78.79 0.37 0.29 13180
腾达建设 600512 2.73 0.37 0.01 278357
中粮糖业 600737 8.2 0.37 0.03 59109
太极集团 600129 10.98 0.37 0.04 20129
天成自控 603085 8.27 0.36 0.03 60835
皖天然气 603689 11.08 0.36 0.04 23483
共进股份 603118 11.16 0.36 0.04 164473
中源家居 603709 25.16 0.36 0.09 8832
招商南油 601975 2.82 0.36 0.01 175580
九牧王 601566 11.29 0.36 0.04 15651
飞科电器 603868 37.11 0.35 0.13 5472
亚盛集团 600108 2.86 0.35 0.01 86883
珍宝岛 603567 11.46 0.35 0.04 4626
中国石油 601857 5.73 0.35 0.02 298248
晨光文具 603899 46.4 0.35 0.16 41736
中国中铁 601390 5.83 0.34 0.02 161705
风语筑 603466 14.6 0.34 0.05 30720
华正新材 603186 38.26 0.34 0.13 27052
洪城水业 600461 5.89 0.34 0.02 12953
宁波联合 600051 5.9 0.34 0.02 25156
东珠生态 603359 14.77 0.34 0.05 5480
大豪科技 603025 8.88 0.34 0.03 39775
隧道股份 600820 5.92 0.34 0.02 70497
京运通 601908 2.97 0.34 0.01 60286
山煤国际 600546 5.94 0.34 0.02 77083
安琪酵母 600298 29.9 0.34 0.1 30309
黄山旅游 600054 9.05 0.33 0.03 21278
航天长峰 600855 12.12 0.33 0.04 32905
金陵饭店 601007 9.11 0.33 0.03 8368
福建高速 600033 3.04 0.33 0.01 43818
亚泰集团 600881 3.06 0.33 0.01 89118
中路股份 600818 12.34 0.33 0.04 19527
硕世生物 688399 58.77 0.32 0.19 14046
中国化学 601117 6.35 0.32 0.02 137982
ST抚钢 600399 3.22 0.31 0.01 82338
羚锐制药 600285 9.71 0.31 0.03 46239
鲁抗医药 600789 6.54 0.31 0.02 172768
广汇能源 600256 3.28 0.31 0.01 136579
红豆股份 600400 3.3 0.3 0.01 30405
中油工程 600339 3.36 0.3 0.01 121183
博敏电子 603936 16.87 0.3 0.05 67982
苏垦农发 601952 6.88 0.29 0.02 136575
万华化学 600309 53.15 0.28 0.15 53814
中国西电 601179 3.55 0.28 0.01 66571
香飘飘 603711 25.02 0.28 0.07 18007
江苏银行 600919 7.15 0.28 0.02 191021
上海医药 601607 17.89 0.28 0.05 45112
明泰铝业 601677 10.95 0.27 0.03 65368
中远海特 600428 3.65 0.27 0.01 45590
上海环境 601200 10.96 0.27 0.03 45242
天富能源 600509 3.67 0.27 0.01 26292
中信重工 601608 3.69 0.27 0.01 118116
汇通能源 600605 11.08 0.27 0.03 5210
柳药股份 603368 33.64 0.27 0.09 15978
上海石化 600688 3.77 0.27 0.01 61924
中炬高新 600872 38.19 0.26 0.1 58655
海澜之家 600398 7.65 0.26 0.02 39254
康辰药业 603590 34.57 0.26 0.09 11117
博瑞传播 600880 3.86 0.26 0.01 80599
青岛啤酒 600600 50.3 0.26 0.13 46833
连云港 601008 3.87 0.26 0.01 102567
新日恒力 600165 3.87 0.26 0.01 33098
格尔软件 603232 34.97 0.26 0.09 41635
百隆东方 601339 3.9 0.26 0.01 45041
上海梅林 600073 7.83 0.26 0.02 48654
水井坊 600779 51.79 0.25 0.13 23913
西藏药业 600211 31.74 0.22 0.07 12919
耀皮玻璃 600819 4.57 0.22 0.01 23840
昊华科技 600378 18.51 0.22 0.04 15065
禾望电气 603063 9.3 0.22 0.02 46570
九华旅游 603199 23.32 0.21 0.05 2711
旗滨集团 601636 4.67 0.21 0.01 202704
ST沪科 600608 4.81 0.21 0.01 21336
新钢股份 600782 4.94 0.2 0.01 196671
江淮汽车 600418 4.95 0.2 0.01 169903
界龙实业 600836 4.96 0.2 0.01 185295
中国平安 601318 84.46 0.2 0.17 292204
中国核电 601985 5.07 0.2 0.01 119266
银都股份 603277 10.24 0.2 0.02 31351
中再资环 600217 5.16 0.19 0.01 86580
东百集团 600693 5.22 0.19 0.01 24831
文一科技 600520 10.66 0.19 0.02 17995
中国建筑 601668 5.34 0.19 0.01 725506
惠达卫浴 603385 11.14 0.18 0.02 66240
交通银行 601328 5.58 0.18 0.01 347286
新澳股份 603889 5.63 0.18 0.01 15539
北京银行 601169 5.63 0.18 0.01 309707
华能国际 600011 5.68 0.18 0.01 116176
上港集团 600018 5.7 0.18 0.01 163748
上海家化 600315 29.97 0.17 0.05 23220
长江传媒 600757 6.03 0.17 0.01 55475
民生银行 600016 6.26 0.16 0.01 313752
通化东宝 600867 12.57 0.16 0.02 205144
永冠新材 603681 25.34 0.16 0.04 17067
浦东金桥 600639 13.24 0.15 0.02 12139
渝农商行 601077 6.74 0.15 0.01 402183
绿地控股 600606 6.74 0.15 0.01 182051
台华新材 603055 6.85 0.15 0.01 12133
山东出版 601019 6.85 0.15 0.01 30295
中国中车 601766 7.0 0.14 0.01 242029
佰仁医疗 688198 44.15 0.14 0.06 23680
金鸿顺 603922 15.02 0.13 0.02 6029
华发股份 600325 7.58 0.13 0.01 279053
福耀玻璃 600660 23.05 0.13 0.03 99594
元成股份 603388 7.92 0.13 0.01 42331
中国交建 601800 8.76 0.11 0.01 235589
白云机场 600004 17.77 0.11 0.02 71632
中国铁建 601186 9.92 0.1 0.01 260156
杰克股份 603337 20.16 0.1 0.02 9283
徕木股份 603633 10.18 0.1 0.01 43663
海天味业 603288 106.0 0.09 0.1 20812
安迪苏 600299 11.0 0.09 0.01 80751
禾丰牧业 603609 11.63 0.09 0.01 39863
百合花 603823 23.67 0.08 0.02 25355
中牧股份 600195 12.56 0.08 0.01 185731
密尔克卫 603713 39.96 0.08 0.03 16001
龙溪股份 600592 13.59 0.07 0.01 30732
吉祥航空 603885 14.11 0.07 0.01 82938
太平鸟 603877 14.61 0.07 0.01 7548
片仔癀 600436 104.52 0.07 0.07 23274
爱婴室 603214 42.24 0.05 0.02 10900
先达股份 603086 24.8 0.04 0.01 8754
华特气体 688268 "-" "-" "-" "-"
八亿时空 688181 "-" "-" "-" "-"
万德斯 688178 "-" "-" "-" "-"
兴图新科 688081 "-" "-" "-" "-"
龙软科技 688078 "-" "-" "-" "-"
芯源微 688037 68.0 0.0 0.0 34536
中创物流 603967 15.87 0.0 0.0 25905
家家悦 603708 23.9 0.0 0.0 17837
石英股份 603688 16.74 0.0 0.0 52652
奥普家居 603551 "-" "-" "-" "-"
九洲药业 603456 13.99 0.0 0.0 32982
神驰机电 603109 "-" "-" "-" "-"
中信银行 601998 6.13 0.0 0.0 88668
中国银行 601988 3.67 0.0 0.0 341213
建设银行 601939 7.19 0.0 0.0 411993
浙商银行 601916 4.78 0.0 0.0 987061
会稽山 601579 8.43 0.0 0.0 8562
东风股份 601515 6.7 0.0 0.0 43990
中国北车 601299 "-" "-" "-" "-"
*ST二重 601268 "-" "-" "-" "-"
重庆水务 601158 5.53 0.0 0.0 28999
工业富联 601138 17.87 0.0 0.0 588302
广汽长丰 600991 "-" "-" "-" "-"
*ST信联 600899 "-" "-" "-" "-"
*ST北科 600878 "-" "-" "-" "-"
宁波中百 600857 9.2 0.0 0.0 7896
*ST中川 600852 "-" "-" "-" "-"
上药转换 600849 "-" "-" "-" "-"
中西药业 600842 "-" "-" "-" "-"
新湖创业 600840 "-" "-" "-" "-"
东方明珠 600832 "-" "-" "-" "-"
ST鞍一工 600813 "-" "-" "-" "-"
退市昆机 600806 "-" "-" "-" "-"
*ST龙科 600799 "-" "-" "-" "-"
*ST达曼 600788 "-" "-" "-" "-"
东方锅炉 600786 "-" "-" "-" "-"
S*ST龙昌 600772 "-" "-" "-" "-"
S*ST金荔 600762 "-" "-" "-" "-"
*ST哈慈 600752 "-" "-" "-" "-"
退市大控 600747 "-" "-" "-" "-"
ST生态 600709 "-" "-" "-" "-"
*ST数码 600700 "-" "-" "-" "-"
*ST上普 600680 "-" "-" "-" "-"
*ST华圣 600672 "-" "-" "-" "-"
*ST斯达 600670 "-" "-" "-" "-"
*ST鞍成 600669 "-" "-" "-" "-"
哈药股份 600664 3.65 0.0 0.0 104794
*ST花雕 600659 "-" "-" "-" "-"
退市博元 600656 "-" "-" "-" "-"
ST国嘉 600646 "-" "-" "-" "-"
华联商厦 600632 "-" "-" "-" "-"
百联股份 600631 "-" "-" "-" "-"
上电股份 600627 "-" "-" "-" "-"
PT水仙 600625 "-" "-" "-" "-"
*ST毅达 600610 "-" "-" "-" "-"
上实医药 600607 "-" "-" "-" "-"
云赛智联 600602 8.22 0.0 0.0 59121
*ST上航 600591 "-" "-" "-" "-"
迪马股份 600565 3.38 0.0 0.0 93005
太行水泥 600553 "-" "-" "-" "-"
国发股份 600538 "-" "-" "-" "-"
龙元建设 600491 7.29 0.0 0.0 53865
包头铝业 600472 "-" "-" "-" "-"
退市吉恩 600432 "-" "-" "-" "-"
退市海润 600401 "-" "-" "-" "-"
承德钒钛 600357 "-" "-" "-" "-"
山东高速 600350 4.81 0.0 0.0 41337
农发种业 600313 2.74 0.0 0.0 164369
S兰铝 600296 "-" "-" "-" "-"
S*ST国瓷 600286 "-" "-" "-" "-"
外运发展 600270 "-" "-" "-" "-"
路桥建设 600263 "-" "-" "-" "-"
天方药业 600253 "-" "-" "-" "-"
长春经开 600215 6.45 0.0 0.0 31679
S山东铝 600205 "-" "-" "-" "-"
S*ST云大 600181 "-" "-" "-" "-"
雅戈尔 600177 6.84 0.0 0.0 81036
*ST新亿 600145 "-" "-" "-" "-"
莱钢股份 600102 "-" "-" "-" "-"
S*ST精密 600092 "-" "-" "-" "-"
退市长油 600087 "-" "-" "-" "-"
*ST保千 600074 "-" "-" "-" "-"
*ST联谊 600065 "-" "-" "-" "-"
古越龙山 600059 8.31 0.0 0.0 24873
中国联通 600050 5.8 0.0 0.0 597527
华能水电 600025 4.21 0.0 0.0 271747
武钢股份 600005 "-" "-" "-" "-"
ST东北高 600003 "-" "-" "-" "-"
齐鲁石化 600002 "-" "-" "-" "-"
邯郸钢铁 600001 "-" "-" "-" "-"
华夏幸福 600340 27.6 -0.04 -0.01 61346
奥翔药业 603229 20.19 -0.05 -0.01 20575
辽宁成大 600739 14.9 -0.07 -0.01 114005
江山欧派 603208 50.26 -0.08 -0.04 7622
大恒科技 600288 11.51 -0.09 -0.01 38635
万盛股份 603010 11.11 -0.09 -0.01 23601
迎驾贡酒 603198 19.08 -0.1 -0.02 70598
北京城乡 600861 8.85 -0.11 -0.01 13469
贵州茅台 600519 1148.0 -0.11 -1.3 11823
同方股份 600100 8.62 -0.12 -0.01 423074
宁波水表 603700 23.53 -0.13 -0.03 9052
重庆燃气 600917 7.35 -0.14 -0.01 40268
华懋科技 603306 13.92 -0.14 -0.02 16549
蔚蓝生物 603739 24.66 -0.16 -0.04 13524
中远海能 600026 5.99 -0.17 -0.01 142910
上实发展 600748 5.81 -0.17 -0.01 67247
金海环境 603311 11.32 -0.18 -0.02 21623
紫金银行 601860 5.66 -0.18 -0.01 226016
华纺股份 600448 5.32 -0.19 -0.01 47438
海正药业 600267 9.63 -0.21 -0.02 163974
杭齿前进 601177 9.21 -0.22 -0.02 13931
中海油服 601808 18.39 -0.22 -0.04 70709
扬农化工 600486 61.55 -0.23 -0.14 25687
光大银行 601818 4.38 -0.23 -0.01 886337
乾景园林 603778 4.33 -0.23 -0.01 85033
银龙股份 603969 4.18 -0.24 -0.01 67098
中国太保 601601 36.92 -0.24 -0.09 133709
新宏泰 603016 14.95 -0.27 -0.04 10336
农业银行 601288 3.68 -0.27 -0.01 769699
东方集团 600811 3.3 -0.3 -0.01 101703
南华期货 603093 26.22 -0.3 -0.08 145119
亚士创能 603378 21.81 -0.32 -0.07 16496
西部黄金 601069 15.22 -0.33 -0.05 167648
长江电力 600900 18.2 -0.33 -0.06 92729
中国国航 601111 8.97 -0.33 -0.03 226224
福能股份 600483 8.96 -0.33 -0.03 20895
上汽集团 600104 23.62 -0.34 -0.08 120683
工商银行 601398 5.86 -0.34 -0.02 682188
邮储银行 601658 5.8 -0.34 -0.02 1311897
健友股份 603707 40.49 -0.34 -0.14 24255
申能股份 600642 5.78 -0.34 -0.02 59544
八方股份 603489 109.14 -0.35 -0.38 21261
中国人寿 601628 33.5 -0.36 -0.12 104838
生物股份 600201 18.42 -0.38 -0.07 158267
首开股份 600376 7.89 -0.38 -0.03 63727
人福医药 600079 12.8 -0.39 -0.05 60034
诚意药业 603811 25.5 -0.39 -0.1 10463
圆通速递 600233 12.31 -0.4 -0.05 35255
福鞍股份 603315 11.9 -0.42 -0.05 22260
星光农机 603789 14.08 -0.42 -0.06 15118
日辰股份 603755 47.54 -0.44 -0.21 8617
广汽集团 601238 11.29 -0.44 -0.05 114913
山西汾酒 600809 85.15 -0.44 -0.38 21451
东方银星 600753 15.53 -0.45 -0.07 4449
安井食品 603345 61.5 -0.45 -0.28 16566
彩虹股份 600707 4.34 -0.46 -0.02 595014
欧派家居 603833 110.5 -0.46 -0.51 10820
宁沪高速 600377 10.83 -0.46 -0.05 28874
汇嘉时代 603101 8.59 -0.46 -0.04 44999
东方创业 600278 10.59 -0.47 -0.05 50103
恒力石化 600346 14.63 -0.48 -0.07 80883
金域医学 603882 49.85 -0.48 -0.24 21005
阿科力 603722 30.92 -0.48 -0.15 47976
华立股份 603038 14.19 -0.49 -0.07 4713
金健米业 600127 4.02 -0.5 -0.02 164283
新农开发 600359 5.39 -0.55 -0.03 127271
外高桥 600648 17.38 -0.57 -0.1 29684
ST安通 600179 5.07 -0.59 -0.03 46285
药明康德 603259 92.05 -0.59 -0.55 51831
中国海防 600764 29.65 -0.6 -0.18 14393
桂冠电力 600236 4.84 -0.62 -0.03 23767
深圳燃气 601139 7.92 -0.63 -0.05 107239
城建发展 600266 7.86 -0.63 -0.05 105393
京能电力 600578 3.08 -0.65 -0.02 40821
中华企业 600675 4.57 -0.65 -0.03 56360
中设集团 603018 10.25 -0.68 -0.07 56774
益丰药房 603939 71.35 -0.7 -0.5 27291
上海机场 600009 77.8 -0.7 -0.55 40617
春秋航空 601021 42.4 -0.7 -0.3 27464
南都物业 603506 21.06 -0.71 -0.15 19917
大秦铁路 601006 8.09 -0.74 -0.06 144897
伟明环保 603568 22.51 -0.75 -0.17 35774
广州发展 600098 6.62 -0.75 -0.05 32021
济民制药 603222 48.93 -0.75 -0.37 3138
浙江医药 600216 13.04 -0.76 -0.1 230619
环旭电子 601231 20.42 -0.78 -0.16 469342
山东华鹏 603021 8.78 -0.79 -0.07 25213
国新能源 600617 4.73 -0.84 -0.04 64009
国电南瑞 600406 21.01 -0.85 -0.18 84323
恒瑞医药 600276 84.5 -0.86 -0.73 98283
福斯特 603806 46.32 -0.88 -0.41 15924
老百姓 603883 61.95 -0.88 -0.55 22504
鲁银投资 600784 5.3 -0.93 -0.05 87003
万向德农 600371 11.85 -1.0 -0.12 126744
杭钢股份 600126 4.93 -1.0 -0.05 89612
大名城 600094 5.9 -1.01 -0.06 444448
上海机电 600835 16.52 -1.02 -0.17 32583
中南传媒 601098 11.64 -1.02 -0.12 51530
国投电力 600886 8.64 -1.03 -0.09 156674
景旺电子 603228 45.08 -1.03 -0.47 25893
建发股份 600153 8.58 -1.04 -0.09 87343
江河集团 601886 7.31 -1.08 -0.08 89961
移远通信 603236 145.0 -1.09 -1.6 11551
蓝光发展 600466 6.98 -1.13 -0.08 256670
亚翔集成 603929 14.34 -1.17 -0.17 27292
通策医疗 600763 98.6 -1.18 -1.18 30568
圣龙股份 603178 9.67 -1.23 -0.12 44041
新智认知 603869 11.98 -1.24 -0.15 29357
新城控股 601155 36.68 -1.24 -0.46 90071
同达创业 600647 14.02 -1.34 -0.19 30510
东方时尚 603377 16.9 -1.34 -0.23 62283
大参林 603233 49.4 -1.36 -0.68 20786
金地集团 600383 13.11 -1.43 -0.19 298724
东风科技 600081 12.11 -1.46 -0.18 84207
保利地产 600048 15.41 -1.47 -0.23 684881
宏辉果蔬 603336 14.02 -1.48 -0.21 59801
华荣股份 603855 9.98 -1.48 -0.15 54000
全筑股份 603030 5.9 -1.5 -0.09 61034
威帝股份 603023 4.99 -1.58 -0.08 184813
长城军工 601606 11.21 -1.58 -0.18 91407
新坐标 603040 34.49 -1.63 -0.57 11787
盛洋科技 603703 15.05 -1.63 -0.25 36492
圣达生物 603079 39.0 -1.64 -0.65 15458
华海药业 600521 17.39 -1.64 -0.29 352668
格力地产 600185 4.66 -1.69 -0.08 102100
安图生物 603658 97.13 -1.79 -1.77 11119
ST天业 600807 3.8 -1.81 -0.07 111780
一拖股份 601038 7.32 -1.88 -0.14 267062
南宁百货 600712 9.94 -1.97 -0.2 845429
熊猫金控 600599 11.15 -2.02 -0.23 89674
方正证券 601901 7.93 -2.1 -0.17 1538147
洛阳玻璃 600876 12.43 -2.13 -0.27 79998
渤海轮渡 603167 10.21 -2.2 -0.23 166237
地素时尚 603587 25.2 -2.33 -0.6 30840
妙可蓝多 600882 12.83 -2.36 -0.31 33685
泰晶科技 603738 20.27 -2.64 -0.55 149410
华升股份 600156 4.57 -3.18 -0.15 200075
弘讯科技 603015 6.73 -3.3 -0.23 183003
华培动力 603121 22.6 -3.38 -0.79 84593
普莱柯 603566 19.09 -3.44 -0.68 65763
振静股份 603477 12.04 -3.99 -0.5 132590
成都燃气 603053 20.93 -5.04 -1.11 452545
柯力传感 603662 54.18 -5.06 -2.89 73629
通达电气 603390 20.08 -5.55 -1.18 350034
商赢环球 600146 12.56 -5.63 -0.75 177298
鲁商发展 600223 6.34 -5.65 -0.38 827094
风范股份 601700 6.55 -6.16 -0.43 901891
正川股份 603976 18.81 -10.0 -2.09 8495
退市华业 600240 0.33 -10.81 -0.04 23311
