德尔未来 002631 8.2 10.07 0.75 109844
雅化集团 002497 6.78 10.06 0.62 542977
拓维信息 002261 7.45 10.04 0.68 1559778
星期六 002291 14.61 10.02 1.33 506606
宇晶股份 002943 24.63 10.0 2.24 15065
光华科技 002741 12.43 10.0 1.13 126497
兴森科技 002436 8.36 10.0 0.76 1150898
锐明技术 002970 88.12 10.0 8.01 7013
奥 特 迅 002227 11.34 9.99 1.03 25101
百洋股份 002696 6.07 9.96 0.55 172815
远东传动 002406 5.98 9.93 0.54 168233
江特电机 002176 3.77 9.91 0.34 931949
融钰集团 002622 3.57 9.85 0.32 968347
利欧股份 002131 2.79 9.84 0.25 3849948
格林美 002340 4.85 9.23 0.41 3559872
中京电子 002579 14.95 9.2 1.26 221857
海峡股份 002320 12.19 9.03 1.01 286620
雅克科技 002409 22.49 8.59 1.78 151366
科达利 002850 45.69 8.32 3.51 68569
英联股份 002846 19.7 7.83 1.43 102373
游族网络 002174 23.6 7.27 1.6 434836
融捷股份 002192 19.21 7.08 1.27 146020
杭氧股份 002430 12.89 6.97 0.84 144439
国轩高科 002074 14.3 6.8 0.91 468844
华昌化工 002274 6.45 6.79 0.41 577175
环球印务 002799 18.99 6.69 1.19 83213
高争民爆 002827 9.87 6.47 0.6 43299
万润股份 002643 15.21 6.36 0.91 162721
赣锋锂业 002460 34.3 6.22 2.01 726757
多氟多 002407 12.85 6.11 0.74 498010
华林证券 002945 15.02 6.0 0.85 458402
云南锗业 002428 8.22 5.93 0.46 274783
中欣氟材 002915 26.88 5.91 1.5 34234
万里石 002785 16.69 5.83 0.92 80826
远光软件 002063 11.91 5.77 0.65 385937
通富微电 002156 16.46 5.65 0.88 435007
天赐材料 002709 20.83 5.63 1.11 168943
雄韬股份 002733 24.91 5.42 1.28 191038
威华股份 002240 7.24 5.39 0.37 155811
三七互娱 002555 26.91 5.32 1.36 203754
康盛股份 002418 2.97 5.32 0.15 476769
ST天宝 002220 1.59 5.3 0.08 182836
*ST新海 002089 2.0 5.26 0.1 456574
横店东磁 002056 7.8 5.26 0.39 482373
*ST天马 002122 2.01 5.24 0.1 144066
云海金属 002182 9.52 5.19 0.47 305900
众生药业 002317 10.56 5.18 0.52 137478
钧达股份 002865 15.89 5.16 0.78 66205
章源钨业 002378 5.3 5.16 0.26 147309
*ST德豪 002005 2.04 5.15 0.1 19767
*ST仁智 002629 2.67 5.12 0.13 138872
*ST飞马 002210 1.44 5.11 0.07 286512
大洋电机 002249 3.91 5.11 0.19 285911
*ST赫美 002356 2.47 5.11 0.12 9395
*ST中科 002290 5.4 5.06 0.26 32263
*ST巴士 002188 3.54 5.04 0.17 41658
露笑科技 002617 6.04 5.04 0.29 476245
ST围海 002586 3.34 5.03 0.16 144057
*ST尤夫 002427 9.41 5.02 0.45 39235
西陇科学 002584 5.02 5.02 0.24 165953
*ST猛狮 002684 6.71 5.01 0.32 4570
ST百特 002323 2.73 5.0 0.13 1612
*ST北讯 002359 2.32 4.98 0.11 308646
ST天润 002113 1.9 4.97 0.09 470802
*ST东网 002175 1.91 4.95 0.09 168237
湘潭电化 002125 5.12 4.92 0.24 148041
海南瑞泽 002596 6.83 4.92 0.32 898024
新纶科技 002341 5.79 4.89 0.27 395224
南洋股份 002212 20.38 4.89 0.95 186977
*ST集成 002190 21.69 4.88 1.01 35942
*ST索菱 002766 3.01 4.88 0.14 4764
丰元股份 002805 11.62 4.87 0.54 39441
ST金贵 002716 2.8 4.87 0.13 634727
*ST欧浦 002711 1.51 4.86 0.07 106222
北方华创 002371 86.5 4.85 4.0 101610
中宠股份 002891 28.36 4.8 1.3 38854
江苏国泰 002091 6.58 4.78 0.3 219310
沧州明珠 002108 3.73 4.78 0.17 403522
ST中南 002445 1.54 4.76 0.07 324251
乐通股份 002319 9.24 4.76 0.42 65708
恩捷股份 002812 48.1 4.75 2.18 129514
*ST利源 002501 1.77 4.73 0.08 338088
智能自控 002877 9.2 4.66 0.41 209654
世纪华通 002602 11.91 4.66 0.53 596081
浙江众成 002522 6.39 4.58 0.28 161803
广电运通 002152 8.72 4.56 0.38 383025
圣阳股份 002580 5.31 4.53 0.23 73291
凯恩股份 002012 5.57 4.5 0.24 516040
科力尔 002892 32.18 4.48 1.38 114316
圣莱达 002473 8.98 4.42 0.38 15150
恒铭达 002947 61.44 4.35 2.56 20646
翔鹭钨业 002842 12.34 4.31 0.51 84771
云图控股 002539 4.84 4.31 0.2 132376
楚江新材 002171 7.06 4.28 0.29 247573
山东赫达 002810 18.85 4.26 0.77 45381
通达动力 002576 9.9 4.21 0.4 24577
川恒股份 002895 12.18 4.19 0.49 66847
黄山胶囊 002817 22.0 4.17 0.88 42891
信隆健康 002105 5.26 4.16 0.21 75877
蓝丰生化 002513 7.03 4.15 0.28 102727
鹏鼎控股 002938 45.25 4.14 1.8 103325
分众传媒 002027 6.33 4.11 0.25 1206869
智光电气 002169 6.88 4.08 0.27 258462
国光电器 002045 13.35 4.05 0.52 267923
威海广泰 002111 15.94 4.05 0.62 88072
科瑞技术 002957 34.03 4.04 1.32 36654
三花智控 002050 17.06 4.02 0.66 370339
亚泰国际 002811 16.35 4.01 0.63 29871
东方锆业 002167 6.77 3.99 0.26 111460
博实股份 002698 10.71 3.98 0.41 73868
华东数控 002248 7.87 3.96 0.3 24181
中钢天源 002057 8.69 3.95 0.33 231980
传艺科技 002866 13.46 3.94 0.51 103623
美盈森 002303 5.31 3.91 0.2 225378
万马股份 002276 7.55 3.85 0.28 417805
登云股份 002715 17.75 3.8 0.65 21557
凯中精密 002823 9.03 3.79 0.33 28497
姚记科技 002605 19.7 3.74 0.71 61576
雪人股份 002639 8.4 3.7 0.3 241876
盛通股份 002599 4.8 3.67 0.17 237639
ST新光 002147 2.28 3.64 0.08 137666
好利来 002729 43.16 3.63 1.51 6128
金轮股份 002722 16.02 3.62 0.56 60887
金发拉比 002762 5.73 3.62 0.2 46442
木林森 002745 14.17 3.58 0.49 209242
拓邦股份 002139 5.53 3.56 0.19 194022
柘中股份 002346 11.3 3.48 0.38 22847
东方精工 002611 4.47 3.47 0.15 160979
常铝股份 002160 2.99 3.46 0.1 109347
久立特材 002318 9.27 3.46 0.31 114078
中新赛克 002912 128.31 3.46 4.29 19208
完美世界 002624 42.2 3.46 1.41 174368
西仪股份 002265 8.99 3.45 0.3 39388
新亚制程 002388 7.26 3.42 0.24 81080
证通电子 002197 7.9 3.4 0.26 97221
汉王科技 002362 16.29 3.36 0.53 42545
久远银海 002777 34.15 3.36 1.11 18637
太阳纸业 002078 9.24 3.36 0.3 297458
创新医疗 002173 6.17 3.35 0.2 64496
大族激光 002008 39.6 3.34 1.28 89841
华通医药 002758 10.6 3.31 0.34 40684
欧菲光 002456 16.63 3.29 0.53 1981289
凯龙股份 002783 12.31 3.27 0.39 123551
延华智能 002178 4.11 3.27 0.13 174120
步 步 高 002251 8.88 3.26 0.28 43206
鸿博股份 002229 6.67 3.25 0.21 121415
百川股份 002455 5.4 3.25 0.17 152312
东华软件 002065 10.5 3.24 0.33 438399
杰赛科技 002544 13.44 3.23 0.42 62249
天神娱乐 002354 2.88 3.23 0.09 435867
罗平锌电 002114 7.36 3.23 0.23 39334
沃尔核材 002130 4.81 3.22 0.15 163247
*ST毅昌 002420 4.17 3.22 0.13 34737
中环股份 002129 10.97 3.2 0.34 402242
兆新股份 002256 2.59 3.19 0.08 288292
中矿资源 002738 16.24 3.18 0.5 33279
川润股份 002272 4.57 3.16 0.14 50682
新筑股份 002480 3.94 3.14 0.12 81867
景兴纸业 002067 3.29 3.13 0.1 97636
云南旅游 002059 4.96 3.12 0.15 36665
*ST人乐 002336 5.3 3.11 0.16 16272
世龙实业 002748 7.33 3.09 0.22 14346
凯美特气 002549 5.68 3.09 0.17 49561
和胜股份 002824 10.72 3.08 0.32 15464
恒宝股份 002104 7.38 3.07 0.22 104377
嘉麟杰 002486 3.36 3.07 0.1 148141
汉钟精机 002158 8.75 3.06 0.26 58167
爱迪尔 002740 6.4 3.06 0.19 59825
积成电子 002339 6.4 3.06 0.19 39348
宁波华翔 002048 15.85 3.06 0.47 88715
金河生物 002688 6.09 3.05 0.18 153104
双箭股份 002381 8.16 3.03 0.24 44661
得润电子 002055 10.54 3.03 0.31 52011
江海股份 002484 7.52 3.01 0.22 96857
洽洽食品 002557 35.08 2.99 1.02 32298
恒大高新 002591 9.29 2.99 0.27 74995
启明信息 002232 8.96 2.99 0.26 47894
胜利精密 002426 2.43 2.97 0.07 1000356
诺 普 信 002215 6.6 2.96 0.19 124892
奥特佳 002239 1.74 2.96 0.05 190080
慈文传媒 002343 11.18 2.95 0.32 288101
安奈儿 002875 15.4 2.94 0.44 19751
万邦德 002082 10.5 2.94 0.3 36192
新兴装备 002933 39.0 2.93 1.11 7470
天汽模 002510 4.22 2.93 0.12 618795
弘宇股份 002890 22.95 2.91 0.65 11413
报 喜 鸟 002154 3.18 2.91 0.09 329916
洪涛股份 002325 3.2 2.89 0.09 113815
保龄宝 002286 6.05 2.89 0.17 27165
宏创控股 002379 3.56 2.89 0.1 82804
博云新材 002297 6.43 2.88 0.18 47973
永东股份 002753 7.86 2.88 0.22 27103
韵达股份 002120 31.81 2.88 0.89 77152
长高集团 002452 5.03 2.86 0.14 41250
德联集团 002666 4.68 2.86 0.13 150414
小熊电器 002959 69.16 2.84 1.91 34636
天广中茂 002509 1.45 2.84 0.04 428606
西部材料 002149 7.62 2.83 0.21 60474
众信旅游 002707 6.21 2.81 0.17 322290
嘉欣丝绸 002404 6.6 2.8 0.18 319652
金时科技 002951 17.28 2.8 0.47 14434
德赛西威 002920 30.83 2.77 0.83 21779
纳尔股份 002825 13.38 2.76 0.36 7928
杰瑞股份 002353 35.76 2.76 0.96 69641
利尔化学 002258 12.7 2.75 0.34 72463
搜于特 002503 2.25 2.74 0.06 322886
ST冠福 002102 2.25 2.74 0.06 262137
广东鸿图 002101 7.16 2.73 0.19 41956
比亚迪 002594 46.78 2.72 1.24 156602
亚太科技 002540 4.18 2.7 0.11 32880
金智科技 002090 10.68 2.69 0.28 42830
元隆雅图 002878 25.75 2.67 0.67 18148
华孚时尚 002042 7.31 2.67 0.19 65100
嘉应制药 002198 5.4 2.66 0.14 73730
方正电机 002196 5.41 2.66 0.14 39731
崇达技术 002815 17.15 2.63 0.44 87141
京泉华 002885 16.85 2.62 0.43 31398
高科石化 002778 20.84 2.61 0.53 19057
皮阿诺 002853 17.7 2.61 0.45 10897
路畅科技 002813 24.78 2.61 0.63 12315
王子新材 002735 18.16 2.6 0.46 5920
天奇股份 002009 7.51 2.6 0.19 43951
电光科技 002730 7.91 2.59 0.2 13646
申科股份 002633 8.33 2.59 0.21 11724
百润股份 002568 26.98 2.59 0.68 52252
国星光电 002449 13.1 2.58 0.33 222190
沃华医药 002107 7.94 2.58 0.2 27040
众业达 002441 7.15 2.58 0.18 36461
华峰氨纶 002064 6.0 2.56 0.15 67549
广博股份 002103 4.41 2.56 0.11 110160
三 力 士 002224 6.05 2.54 0.15 82752
永太科技 002326 9.74 2.53 0.24 294303
海洋王 002724 7.33 2.52 0.18 61264
新联电子 002546 4.08 2.51 0.1 76900
松芝股份 002454 4.9 2.51 0.12 77572
盈趣科技 002925 44.29 2.5 1.08 25731
沃特股份 002886 25.1 2.49 0.61 26767
亚厦股份 002375 5.77 2.49 0.14 58841
华锋股份 002806 14.45 2.48 0.35 55445
道恩股份 002838 11.18 2.47 0.27 162987
中材科技 002080 10.43 2.46 0.25 142198
中化岩土 002542 3.77 2.45 0.09 58608
东晶电子 002199 9.24 2.44 0.22 81645
康强电子 002119 12.18 2.44 0.29 121953
星帅尔 002860 23.11 2.44 0.55 68633
华夏航空 002928 11.36 2.43 0.27 59339
高乐股份 002348 3.38 2.42 0.08 76986
领益智造 002600 11.42 2.42 0.27 903608
蓝帆医疗 002382 12.69 2.42 0.3 16339
远 望 谷 002161 9.81 2.4 0.23 295398
众兴菌业 002772 6.84 2.4 0.16 22355
美格智能 002881 26.62 2.38 0.62 21917
长城证券 002939 13.42 2.36 0.31 419552
东华科技 002140 6.94 2.36 0.16 28862
南国置业 002305 2.17 2.36 0.05 75820
威 尔 泰 002058 22.72 2.34 0.52 16385
日丰股份 002953 19.69 2.34 0.45 16146
华天科技 002185 6.57 2.34 0.15 1162252
海源复材 002529 5.73 2.32 0.13 39424
祥鑫科技 002965 34.0 2.32 0.77 65638
七 匹 狼 002029 5.8 2.29 0.13 44793
绿茵生态 002887 15.34 2.27 0.34 6807
艾格拉斯 002619 3.18 2.25 0.07 268737
可立克 002782 10.45 2.25 0.23 30382
双环传动 002472 5.49 2.23 0.12 48590
辉煌科技 002296 8.26 2.23 0.18 135639
*ST天圣 002872 5.52 2.22 0.12 56077
益盛药业 002566 6.47 2.21 0.14 12427
今飞凯达 002863 5.55 2.21 0.12 17747
水晶光电 002273 16.8 2.19 0.36 545636
劲嘉股份 002191 11.67 2.19 0.25 181553
千方科技 002373 18.25 2.18 0.39 109689
中超控股 002471 2.34 2.18 0.05 96741
盛路通信 002446 9.37 2.18 0.2 244000
濮耐股份 002225 4.22 2.18 0.09 31774
晨鑫科技 002447 3.3 2.17 0.07 279948
中泰化学 002092 6.6 2.17 0.14 258702
鼎龙文化 002502 3.31 2.16 0.07 204101
同兴达 002845 18.99 2.15 0.4 29519
康达新材 002669 12.35 2.15 0.26 25418
国光股份 002749 11.41 2.15 0.24 13574
红 宝 丽 002165 4.3 2.14 0.09 33369
雪 莱 特 002076 2.39 2.14 0.05 68420
同洲电子 002052 3.35 2.13 0.07 211730
永兴材料 002756 16.78 2.13 0.35 20032
科迪乳业 002770 2.4 2.13 0.05 178236
铭普光磁 002902 23.59 2.12 0.49 45066
同德化工 002360 5.3 2.12 0.11 38653
ST东海洋 002086 3.86 2.12 0.08 93790
大连电瓷 002606 5.8 2.11 0.12 30684
跃岭股份 002725 9.71 2.1 0.2 38261
莱宝高科 002106 9.71 2.1 0.2 147459
通达股份 002560 5.85 2.09 0.12 88628
新朋股份 002328 3.9 2.09 0.08 48335
东港股份 002117 12.2 2.09 0.25 106708
聚力文化 002247 2.94 2.08 0.06 289470
海特高新 002023 11.35 2.07 0.23 156346
涪陵榨菜 002507 26.67 2.07 0.54 80489
巨轮智能 002031 1.98 2.06 0.04 112068
合力泰 002217 5.45 2.06 0.11 514562
大港股份 002077 5.98 2.05 0.12 214173
超华科技 002288 4.99 2.04 0.1 155884
北斗星通 002151 24.01 2.04 0.48 132144
兆驰股份 002429 3.51 2.03 0.07 522466
精艺股份 002295 7.54 2.03 0.15 16517
华英农业 002321 5.54 2.03 0.11 76359
中光学 002189 20.75 2.02 0.41 40726
双成药业 002693 4.56 2.01 0.09 25184
英派斯 002899 13.71 2.01 0.27 10766
九安医疗 002432 5.08 2.01 0.1 51674
新宏泽 002836 12.21 2.01 0.24 7106
科士达 002518 10.18 2.0 0.2 98537
*ST步森 002569 9.17 2.0 0.18 5221
光洋股份 002708 7.65 2.0 0.15 45516
美年健康 002044 15.47 1.98 0.3 247674
漫步者 002351 25.27 1.98 0.49 509942
通宇通讯 002792 26.41 1.97 0.51 27318
瑞达期货 002961 37.33 1.97 0.72 63140
科大讯飞 002230 33.72 1.97 0.65 209600
金莱特 002723 9.34 1.97 0.18 16406
万里扬 002434 9.36 1.96 0.18 48140
天原集团 002386 5.74 1.95 0.11 68445
巨星科技 002444 10.46 1.95 0.2 67039
*ST罗普 002333 4.71 1.95 0.09 42579
华西证券 002926 10.48 1.95 0.2 343140
鹭燕医药 002788 7.86 1.95 0.15 17252
申通快递 002468 18.88 1.94 0.36 49649
中航三鑫 002163 4.73 1.94 0.09 40407
北化股份 002246 7.37 1.94 0.14 21984
富煌钢构 002743 6.32 1.94 0.12 37992
*ST东南 002263 2.11 1.93 0.04 302436
安洁科技 002635 16.89 1.93 0.32 186522
金龙羽 002882 10.58 1.93 0.2 8811
朗姿股份 002612 9.0 1.93 0.17 59949
东方雨虹 002271 24.36 1.92 0.46 124588
宝鼎科技 002552 27.56 1.92 0.52 134659
三变科技 002112 6.89 1.92 0.13 22304
东方嘉盛 002889 26.0 1.92 0.49 10471
顺威股份 002676 3.2 1.91 0.06 59983
爱康科技 002610 1.6 1.91 0.03 346417
宝鹰股份 002047 5.94 1.89 0.11 83183
永新股份 002014 9.2 1.88 0.17 33814
洪汇新材 002802 20.12 1.87 0.37 3359
同为股份 002835 12.0 1.87 0.22 32260
东山精密 002384 21.9 1.86 0.4 357072
银河电子 002519 3.84 1.86 0.07 63306
星网锐捷 002396 34.58 1.86 0.63 76189
麦达数字 002137 7.14 1.85 0.13 70789
泰尔股份 002347 4.4 1.85 0.08 26942
云南能投 002053 7.15 1.85 0.13 11837
鲁阳节能 002088 10.54 1.84 0.19 18127
林州重机 002535 2.78 1.83 0.05 66034
富临运业 002357 6.12 1.83 0.11 16845
亿帆医药 002019 15.58 1.83 0.28 95695
德生科技 002908 12.87 1.82 0.23 28767
埃斯顿 002747 11.2 1.82 0.2 57487
科华恒盛 002335 16.25 1.82 0.29 13014
焦点科技 002315 18.5 1.82 0.33 30458
中公教育 002607 17.39 1.81 0.31 110422
山东威达 002026 5.05 1.81 0.09 27070
东诚药业 002675 15.79 1.81 0.28 58505
澳洋顺昌 002245 3.95 1.8 0.07 97085
浔兴股份 002098 6.21 1.8 0.11 47718
捷顺科技 002609 8.58 1.78 0.15 55767
鸿路钢构 002541 10.87 1.78 0.19 66779
*ST升达 002259 2.29 1.78 0.04 95569
安 纳 达 002136 7.48 1.77 0.13 18108
安妮股份 002235 8.67 1.76 0.15 341460
大立科技 002214 10.43 1.76 0.18 60192
福晶科技 002222 12.23 1.75 0.21 91762
浙江世宝 002703 4.66 1.75 0.08 71988
悦心健康 002162 3.5 1.74 0.06 27170
世嘉科技 002796 36.19 1.74 0.62 25759
北纬科技 002148 5.26 1.74 0.09 60794
沪电股份 002463 22.21 1.74 0.38 377302
龙星化工 002442 5.86 1.74 0.1 789541
省广集团 002400 2.93 1.74 0.05 141109
真视通 002771 11.15 1.73 0.19 19279
宁波银行 002142 28.22 1.73 0.48 155186
鸿达兴业 002002 4.13 1.72 0.07 164453
博彦科技 002649 9.45 1.72 0.16 88972
春兴精工 002547 8.27 1.72 0.14 293976
如意集团 002193 7.77 1.7 0.13 19616
润邦股份 002483 4.19 1.7 0.07 26734
中国海诚 002116 7.81 1.69 0.13 9242
亚世光电 002952 32.76 1.68 0.54 9222
爱施德 002416 7.9 1.67 0.13 267726
闽发铝业 002578 3.65 1.67 0.06 77189
友邦吊顶 002718 16.48 1.67 0.27 4764
中科金财 002657 18.33 1.66 0.3 75140
神剑股份 002361 4.29 1.66 0.07 29386
贤丰控股 002141 3.68 1.66 0.06 105199
天润曲轴 002283 3.69 1.65 0.06 70340
微光股份 002801 35.42 1.64 0.57 6767
江苏国信 002608 7.47 1.63 0.12 23416
巨力索具 002342 3.12 1.63 0.05 30749
联诚精密 002921 18.12 1.63 0.29 7475
名臣健康 002919 15.06 1.62 0.24 23597
宁波东力 002164 3.77 1.62 0.06 40494
和而泰 002402 12.57 1.62 0.2 224226
*ST荣联 002642 6.3 1.61 0.1 93887
恩华药业 002262 11.35 1.61 0.18 75233
英威腾 002334 4.43 1.61 0.07 132381
二三四五 002195 3.17 1.6 0.05 928267
*ST科林 002499 5.09 1.6 0.08 31268
泰永长征 002927 20.37 1.6 0.32 24163
山东墨龙 002490 3.83 1.59 0.06 30985
蒙娜丽莎 002918 19.16 1.59 0.3 59110
奥维通信 002231 7.03 1.59 0.11 39941
雪迪龙 002658 7.04 1.59 0.11 18404
伊戈尔 002922 14.88 1.57 0.23 12990
扬子新材 002652 3.89 1.57 0.06 37083
金安国纪 002636 8.43 1.57 0.13 36441
华兰生物 002007 33.73 1.57 0.52 75634
天威视讯 002238 7.82 1.56 0.12 29384
金正大 002470 2.61 1.56 0.04 435173
ST云网 002306 2.61 1.56 0.04 43724
富森美 002818 12.41 1.55 0.19 16649
宏达高科 002144 9.83 1.55 0.15 7164
联络互动 002280 3.97 1.53 0.06 543822
名雕股份 002830 13.9 1.53 0.21 8615
京威股份 002662 2.65 1.53 0.04 83861
青岛金王 002094 4.64 1.53 0.07 71990
獐子岛 002069 2.66 1.53 0.04 53983
中顺洁柔 002511 12.64 1.53 0.19 100123
司尔特 002538 4.67 1.52 0.07 36881
中原内配 002448 5.34 1.52 0.08 43513
紫鑫药业 002118 6.05 1.51 0.09 218551
华宏科技 002645 8.08 1.51 0.12 28845
德美化工 002054 7.42 1.5 0.11 46944
卓翼科技 002369 9.45 1.5 0.14 185778
奥士康 002913 56.73 1.5 0.84 20096
英维克 002837 17.0 1.49 0.25 13390
东南网架 002135 5.44 1.49 0.08 19170
大华股份 002236 19.07 1.49 0.28 314485
二六三 002467 5.45 1.49 0.08 192869
软控股份 002073 4.77 1.49 0.07 136171
雷科防务 002413 5.47 1.48 0.08 89499
易尚展示 002751 26.75 1.48 0.39 56973
榕基软件 002474 8.24 1.48 0.12 53174
赞宇科技 002637 9.64 1.47 0.14 68485
康力电梯 002367 7.6 1.47 0.11 78434
华软科技 002453 5.53 1.47 0.08 74920
桂发祥 002820 11.78 1.46 0.17 9125
怡 亚 通 002183 4.17 1.46 0.06 134897
鞍重股份 002667 6.97 1.46 0.1 11135
润都股份 002923 16.75 1.45 0.24 10346
海欣食品 002702 4.19 1.45 0.06 40721
九阳股份 002242 23.08 1.45 0.33 31571
吉宏股份 002803 23.17 1.44 0.33 14716
普路通 002769 8.43 1.44 0.12 17098
南兴股份 002757 16.32 1.43 0.23 10772
金奥博 002917 16.35 1.43 0.23 21160
佳隆股份 002495 2.87 1.41 0.04 27564
丽鹏股份 002374 2.89 1.4 0.04 34951
卫星石化 002648 15.95 1.4 0.22 81758
远大智能 002689 3.63 1.4 0.05 25308
青龙管业 002457 8.0 1.39 0.11 42223
江苏神通 002438 8.0 1.39 0.11 34787
天津普林 002134 9.46 1.39 0.13 50228
龙洲股份 002682 4.37 1.39 0.06 27437
太阳电缆 002300 6.56 1.39 0.09 21555
四维图新 002405 16.05 1.39 0.22 335653
*ST凯瑞 002072 5.85 1.39 0.08 48682
大金重工 002487 5.14 1.38 0.07 44265
兴瑞科技 002937 14.7 1.38 0.2 18388
英飞拓 002528 5.15 1.38 0.07 100337
泰嘉股份 002843 8.11 1.38 0.11 12413
拓日新能 002218 2.95 1.37 0.04 42141
东江环保 002672 8.86 1.37 0.12 18699
冀凯股份 002691 5.92 1.37 0.08 15065
顺络电子 002138 24.43 1.37 0.33 171276
金字火腿 002515 5.22 1.36 0.07 132594
恒星科技 002132 2.99 1.36 0.04 74704
恒邦股份 002237 13.5 1.35 0.18 335984
金达威 002626 19.53 1.35 0.26 31299
瑞和股份 002620 6.02 1.35 0.08 19973
山东矿机 002526 2.26 1.35 0.03 143520
易明医药 002826 9.8 1.34 0.13 8018
博深股份 002282 8.33 1.34 0.11 11196
三特索道 002159 12.18 1.33 0.16 10575
南方轴承 002553 5.33 1.33 0.07 25507
海鸥住工 002084 6.87 1.33 0.09 91689
群兴玩具 002575 6.94 1.31 0.09 20278
亚玛顿 002623 22.4 1.31 0.29 89804
御银股份 002177 5.41 1.31 0.07 121018
台海核电 002366 6.96 1.31 0.09 108197
哈尔斯 002615 5.42 1.31 0.07 18208
长缆科技 002879 15.54 1.3 0.2 11466
华通热力 002893 12.45 1.3 0.16 19649
苏州银行 002966 10.14 1.3 0.13 568462
理工环科 002322 11.7 1.3 0.15 18212
亿利达 002686 6.25 1.3 0.08 10134
北京科锐 002350 5.48 1.29 0.07 11177
美盛文化 002699 6.27 1.29 0.08 126576
皇氏集团 002329 3.92 1.29 0.05 33482
顺灏股份 002565 6.29 1.29 0.08 160475
恒康医疗 002219 2.36 1.29 0.03 62947
跨境通 002640 7.1 1.28 0.09 193414
双塔食品 002481 7.9 1.28 0.1 375562
视源股份 002841 85.68 1.28 1.08 7202
*ST云投 002200 7.15 1.27 0.09 12715
顾地科技 002694 3.2 1.27 0.04 48327
华西能源 002630 2.4 1.27 0.03 133866
海陆重工 002255 3.2 1.27 0.04 65115
芭田股份 002170 3.21 1.26 0.04 55034
科华生物 002022 11.25 1.26 0.14 51428
长青股份 002391 8.04 1.26 0.1 16865
友阿股份 002277 3.23 1.25 0.04 49774
飞龙股份 002536 4.85 1.25 0.06 44276
天际股份 002759 8.91 1.25 0.11 39533
上海莱士 002252 7.31 1.25 0.09 155249
皖通科技 002331 9.76 1.24 0.12 12751
惠程科技 002168 8.14 1.24 0.1 40236
广宇集团 002133 3.26 1.24 0.04 29519
海康威视 002415 31.8 1.24 0.39 239927
第一创业 002797 8.18 1.24 0.1 1056354
华帝股份 002035 12.27 1.24 0.15 116469
东方园林 002310 4.91 1.24 0.06 132455
武汉凡谷 002194 18.86 1.23 0.23 61925
青鸟消防 002960 26.29 1.23 0.32 13345
美亚光电 002690 39.45 1.23 0.48 21252
未名医药 002581 6.58 1.23 0.08 44173
瑞泰科技 002066 7.43 1.23 0.09 11526
久其软件 002279 5.79 1.22 0.07 101787
齐峰新材 002521 5.82 1.22 0.07 29046
力盛赛车 002858 15.0 1.21 0.18 11955
川大智胜 002253 14.17 1.21 0.17 22943
道道全 002852 13.35 1.21 0.16 7393
兴化股份 002109 3.34 1.21 0.04 63025
伟隆股份 002871 19.32 1.2 0.23 5513
航天彩虹 002389 10.93 1.2 0.13 25366
润建股份 002929 26.98 1.2 0.32 14712
三圣股份 002742 5.91 1.2 0.07 13948
奥美医疗 002950 20.27 1.2 0.24 10000
老板电器 002508 32.99 1.2 0.39 38565
银宝山新 002786 8.47 1.19 0.1 52423
森源电气 002358 6.79 1.19 0.08 44797
高斯贝尔 002848 12.74 1.19 0.15 44941
杭锅股份 002534 7.66 1.19 0.09 12560
生 意 宝 002095 22.19 1.19 0.26 35637
国盛金控 002670 11.99 1.18 0.14 203142
兴业科技 002674 11.14 1.18 0.13 14833
庄园牧场 002910 11.15 1.18 0.13 10451
科远智慧 002380 13.79 1.17 0.16 12773
仙坛股份 002746 15.53 1.17 0.18 48244
广田集团 002482 4.32 1.17 0.05 82562
孚日股份 002083 6.05 1.17 0.07 30177
宏润建设 002062 3.46 1.17 0.04 12369
五方光电 002962 38.95 1.17 0.45 47384
山东章鼓 002598 6.07 1.17 0.07 15713
兴民智通 002355 6.95 1.16 0.08 101055
凌霄泵业 002884 14.86 1.16 0.17 11726
合众思壮 002383 9.62 1.16 0.11 35105
延安必康 002411 15.8 1.15 0.18 243665
精华制药 002349 4.39 1.15 0.05 13913
捷荣技术 002855 14.08 1.15 0.16 90852
达安基因 002030 10.64 1.14 0.12 28827
凯莱英 002821 130.77 1.14 1.47 8450
奇正藏药 002287 21.57 1.13 0.24 6935
达实智能 002421 3.6 1.12 0.04 126295
宏大爆破 002683 18.03 1.12 0.2 126274
圣农发展 002299 23.55 1.12 0.26 82549
尚荣医疗 002551 4.53 1.12 0.05 18894
金逸影视 002905 16.33 1.11 0.18 57744
三利谱 002876 49.95 1.11 0.55 30524
麦趣尔 002719 10.91 1.11 0.12 8955
龙蟒佰利 002601 14.58 1.11 0.16 144612
神开股份 002278 6.42 1.1 0.07 40485
利君股份 002651 4.6 1.1 0.05 17192
双星新材 002585 4.62 1.09 0.05 93852
露天煤业 002128 8.33 1.09 0.09 68473
北玻股份 002613 2.78 1.09 0.03 111766
南岭民爆 002096 6.49 1.09 0.07 33790
中远海科 002401 11.13 1.09 0.12 26208
合肥城建 002208 6.53 1.08 0.07 36145
宜昌交运 002627 10.33 1.08 0.11 38846
普邦股份 002663 2.82 1.08 0.03 89505
巨人网络 002558 17.86 1.08 0.19 27813
惠威科技 002888 22.6 1.07 0.24 38235
凯撒文化 002425 5.65 1.07 0.06 245446
万润科技 002654 4.71 1.07 0.05 195095
银轮股份 002126 7.54 1.07 0.08 51185
昂利康 002940 29.31 1.07 0.31 5302
道明光学 002632 7.57 1.07 0.08 85427
快意电梯 002774 7.58 1.07 0.08 10995
乔治白 002687 5.7 1.06 0.06 18237
山河智能 002097 5.71 1.06 0.06 37361
湖南黄金 002155 7.62 1.06 0.08 146712
良信电器 002706 8.65 1.05 0.09 32036
海得控制 002184 10.67 1.04 0.11 54963
ST准油 002207 5.84 1.04 0.06 16271
恒久科技 002808 9.74 1.04 0.1 69106
奥马电器 002668 5.85 1.04 0.06 640063
潮宏基 002345 3.91 1.03 0.04 65019
汉缆股份 002498 2.94 1.03 0.03 107001
亚太药业 002370 6.86 1.03 0.07 102593
久联发展 002037 6.87 1.03 0.07 14314
新界泵业 002532 5.89 1.03 0.06 14575
誉衡药业 002437 2.95 1.03 0.03 223652
通产丽星 002243 14.75 1.03 0.15 53444
惠博普 002554 2.96 1.02 0.03 63664
国脉科技 002093 7.98 1.01 0.08 41591
昇兴股份 002752 6.01 1.01 0.06 15422
中利集团 002309 6.03 1.01 0.06 42348
天奥电子 002935 28.16 1.0 0.28 14027
明牌珠宝 002574 5.03 1.0 0.05 26982
合兴包装 002228 4.04 1.0 0.04 59542
顺丰控股 002352 38.39 1.0 0.38 88440
丽江旅游 002033 6.07 1.0 0.06 20315
鱼跃医疗 002223 19.27 1.0 0.19 42437
珠江啤酒 002461 7.15 0.99 0.07 34093
华东重机 002685 7.17 0.99 0.07 105675
丹邦科技 002618 12.31 0.98 0.12 42599
好想你 002582 8.21 0.98 0.08 27918
摩恩电气 002451 9.25 0.98 0.09 48792
金固股份 002488 7.23 0.98 0.07 110253
弘亚数控 002833 34.15 0.98 0.33 6171
三泰控股 002312 4.16 0.97 0.04 94804
汉森制药 002412 8.42 0.96 0.08 24292
东方铁塔 002545 7.4 0.95 0.07 38948
浙江永强 002489 4.23 0.95 0.04 157247
中恒电气 002364 11.67 0.95 0.11 25979
世荣兆业 002016 8.55 0.94 0.08 34376
西麦食品 002956 53.52 0.94 0.5 11418
爱仕达 002403 8.58 0.94 0.08 13598
金禾实业 002597 21.48 0.94 0.2 39139
江南化工 002226 5.37 0.94 0.05 54364
兔 宝 宝 002043 7.56 0.93 0.07 180187
中核钛白 002145 4.35 0.93 0.04 101762
海大集团 002311 34.07 0.92 0.31 67819
海能达 002583 8.8 0.92 0.08 153018
新疆交建 002941 17.65 0.91 0.16 78220
意华股份 002897 27.63 0.91 0.25 81607
佛燃股份 002911 15.5 0.91 0.14 9338
奇信股份 002781 16.61 0.91 0.15 26334
精功科技 002006 4.43 0.91 0.04 19501
苏州固锝 002079 11.12 0.91 0.1 979650
燕塘乳业 002732 22.25 0.91 0.2 11522
成都路桥 002628 4.47 0.9 0.04 77232
太安堂 002433 4.48 0.9 0.04 28689
旺能环境 002034 14.62 0.9 0.13 10604
新乳业 002946 12.41 0.89 0.11 15720
特 尔 佳 002213 11.32 0.89 0.1 63256
文科园林 002775 5.68 0.89 0.05 15156
亚威股份 002559 5.68 0.89 0.05 79033
轴研科技 002046 6.84 0.88 0.06 14549
海翔药业 002099 6.85 0.88 0.06 87022
山西证券 002500 8.0 0.88 0.07 219703
北新路桥 002307 5.73 0.88 0.05 58555
达 意 隆 002209 6.9 0.88 0.06 21631
万和电气 002543 9.31 0.87 0.08 8336
联发股份 002394 9.31 0.87 0.08 7576
长鹰信质 002664 15.24 0.86 0.13 70064
中工国际 002051 9.38 0.86 0.08 33856
柏堡龙 002776 7.06 0.86 0.06 139481
齐翔腾达 002408 7.06 0.86 0.06 37313
深南股份 002417 7.07 0.86 0.06 99627
东易日盛 002713 7.08 0.85 0.06 24384
索菲亚 002572 20.09 0.85 0.17 93533
新 华 都 002264 4.74 0.85 0.04 34415
浙江美大 002677 13.13 0.84 0.11 22755
国信证券 002736 11.95 0.84 0.1 116697
贵州百灵 002424 8.42 0.84 0.07 38697
勤上股份 002638 3.62 0.84 0.03 186686
华邦健康 002004 4.83 0.84 0.04 66253
贝肯能源 002828 10.9 0.83 0.09 28149
裕同科技 002831 25.7 0.82 0.21 19058
奋达科技 002681 6.13 0.82 0.05 553538
齐心集团 002301 12.3 0.82 0.1 79246
启明星辰 002439 34.5 0.82 0.28 54726
集泰股份 002909 11.09 0.82 0.09 20285
萃华珠宝 002731 7.45 0.81 0.06 34771
金杯电工 002533 4.97 0.81 0.04 30084
麦格米特 002851 20.06 0.8 0.16 39951
比音勒芬 002832 25.15 0.8 0.2 11298
雷柏科技 002577 13.86 0.8 0.11 115310
新天药业 002873 16.42 0.8 0.13 12766
史丹利 002588 3.84 0.79 0.03 19051
粤 传 媒 002181 5.13 0.79 0.04 139011
明德生物 002932 34.79 0.78 0.27 3249
东华能源 002221 7.76 0.78 0.06 78189
东信和平 002017 15.55 0.78 0.12 161337
光迅科技 002281 28.75 0.77 0.22 73005
葵花药业 002737 14.48 0.77 0.11 12390
国创高新 002377 3.96 0.76 0.03 25793
卫光生物 002880 50.4 0.76 0.38 1791
美芝股份 002856 18.63 0.76 0.14 16273
辉隆股份 002556 5.35 0.75 0.04 28863
日海智能 002313 20.12 0.75 0.15 34318
汇洁股份 002763 8.05 0.75 0.06 14482
宝莫股份 002476 6.76 0.75 0.05 42653
奥拓电子 002587 8.15 0.74 0.06 263548
中航机电 002013 6.8 0.74 0.05 126428
广联达 002410 33.18 0.73 0.24 48325
*ST宇顺 002289 8.31 0.73 0.06 15684
海宁皮城 002344 4.16 0.73 0.03 53620
盘龙药业 002864 26.38 0.73 0.19 5368
南 京 港 002040 6.99 0.72 0.05 21647
哈三联 002900 11.28 0.71 0.08 10637
金财互联 002530 9.88 0.71 0.07 76628
浙江交科 002061 5.65 0.71 0.04 40683
深南电路 002916 141.67 0.71 1.0 19676
新宝股份 002705 15.79 0.7 0.11 27029
张家港行 002839 5.79 0.7 0.04 182430
嘉事堂 002462 15.93 0.7 0.11 19181
歌尔股份 002241 20.43 0.69 0.14 375974
利民股份 002734 13.22 0.69 0.09 19296
千红制药 002550 4.48 0.67 0.03 22821
国统股份 002205 15.0 0.67 0.1 39730
粤 水 电 002060 3.0 0.67 0.02 40610
江阴银行 002807 4.54 0.67 0.03 83508
南山控股 002314 3.03 0.66 0.02 30712
威创股份 002308 4.56 0.66 0.03 116116
宇环数控 002903 15.24 0.66 0.1 50114
郑州银行 002936 4.59 0.66 0.03 122187
天沃科技 002564 4.59 0.66 0.03 51765
天桥起重 002523 3.07 0.66 0.02 48317
棕榈股份 002431 3.07 0.66 0.02 114751
奥佳华 002614 10.81 0.65 0.07 51124
八菱科技 002592 14.0 0.65 0.09 25927
青农商行 002958 6.24 0.65 0.04 336202
兄弟科技 002562 4.68 0.65 0.03 56257
联创电子 002036 17.43 0.64 0.11 470630
大连重工 002204 3.17 0.63 0.02 30240
清新环境 002573 6.37 0.63 0.04 44485
德力股份 002571 4.79 0.63 0.03 71181
瑞尔特 002790 6.4 0.63 0.04 11906
桂林三金 002275 12.85 0.63 0.08 2614
徐家汇 002561 8.13 0.62 0.05 4714
普利特 002324 13.06 0.62 0.08 37687
科伦药业 002422 23.06 0.61 0.14 67983
华明装备 002270 4.96 0.61 0.03 34029
广百股份 002187 8.3 0.61 0.05 8247
大康农业 002505 1.7 0.59 0.01 334383
豪迈科技 002595 18.81 0.59 0.11 9165
新北洋 002376 11.98 0.59 0.07 37133
蓝黛传动 002765 5.16 0.58 0.03 86274
太极股份 002368 39.8 0.58 0.23 60530
新野纺织 002087 3.48 0.58 0.02 73353
华斯股份 002494 5.23 0.58 0.03 161278
海格通信 002465 10.48 0.58 0.06 196769
天虹股份 002419 10.53 0.57 0.06 64080
富春环保 002479 7.08 0.57 0.04 141520
力生制药 002393 26.68 0.57 0.15 13545
陕天然气 002267 7.12 0.56 0.04 23487
加加食品 002650 3.57 0.56 0.02 117086
罗莱生活 002293 8.93 0.56 0.05 20876
双象股份 002395 26.97 0.56 0.15 8919
威星智能 002849 14.43 0.56 0.08 18298
中国广核 003816 3.61 0.56 0.02 322735
奥赛康 002755 16.31 0.55 0.09 25085
海 利 得 002206 3.66 0.55 0.02 69513
鸿合科技 002955 56.98 0.55 0.31 12587
信立泰 002294 18.66 0.54 0.1 28315
中粮资本 002423 9.35 0.54 0.05 31832
以岭药业 002603 11.23 0.54 0.06 32307
航天电器 002025 26.63 0.53 0.14 30553
红旗连锁 002697 7.7 0.52 0.04 53520
塔牌集团 002233 11.73 0.51 0.06 128836
常宝股份 002478 5.88 0.51 0.03 41919
珠江钢琴 002678 7.85 0.51 0.04 4663
宏川智慧 002930 15.72 0.51 0.08 108832
长青集团 002616 7.99 0.5 0.04 27612
希努尔 002485 6.1 0.49 0.03 21091
沙钢股份 002075 6.11 0.49 0.03 127006
全 聚 德 002186 10.19 0.49 0.05 13335
锋龙股份 002931 28.72 0.49 0.14 20155
三维工程 002469 4.14 0.49 0.02 112207
泰和新材 002254 10.5 0.48 0.05 56942
国恩股份 002768 23.29 0.47 0.11 9645
中大力德 002896 21.23 0.47 0.1 6900
石基信息 002153 36.57 0.47 0.17 37387
富安娜 002327 6.64 0.45 0.03 12576
广电计量 002967 31.0 0.45 0.14 145763
通鼎互联 002491 6.65 0.45 0.03 78953
立讯精密 002475 35.55 0.45 0.16 299263
龙泉股份 002671 4.48 0.45 0.02 16888
森马服饰 002563 9.37 0.43 0.04 51358
先锋电子 002767 14.54 0.41 0.06 5345
纳思达 002180 32.71 0.4 0.13 117992
京新药业 002020 10.15 0.4 0.04 66172
三晖电气 002857 12.8 0.39 0.05 11429
青青稞酒 002646 10.54 0.38 0.04 24076
旷达科技 002516 2.65 0.38 0.01 50547
*ST中捷 002021 2.69 0.37 0.01 304253
思源电气 002028 13.73 0.37 0.05 53719
九鼎新材 002201 22.21 0.36 0.08 98176
克明面业 002661 11.16 0.36 0.04 10229
西部建设 002302 11.23 0.36 0.04 105179
晶澳科技 002459 11.57 0.35 0.04 29750
青岛银行 002948 5.89 0.34 0.02 122087
三钢闽光 002110 8.84 0.34 0.03 122280
洁美科技 002859 33.46 0.33 0.11 14009
弘高创意 002504 3.31 0.3 0.01 139253
苏宁易购 002024 10.01 0.3 0.03 278870
首航节能 002665 3.49 0.29 0.01 326210
莱茵生物 002166 7.22 0.28 0.02 36001
赛象科技 002337 3.62 0.28 0.01 63417
闰土股份 002440 10.88 0.28 0.03 51972
北京利尔 002392 3.72 0.27 0.01 77426
中电兴发 002298 7.52 0.27 0.02 110180
澳洋健康 002172 3.77 0.27 0.01 70163
煌上煌 002695 15.99 0.25 0.04 29899
大北农 002385 4.12 0.24 0.01 235359
双鹭药业 002038 12.51 0.24 0.03 37564
浙富控股 002266 4.2 0.24 0.01 54542
海思科 002653 21.1 0.24 0.05 26795
奥瑞金 002701 4.34 0.23 0.01 92155
科陆电子 002121 4.44 0.23 0.01 105719
滨江集团 002244 4.67 0.21 0.01 116783
永安药业 002365 9.54 0.21 0.02 115946
新时达 002527 5.18 0.19 0.01 44001
宝馨科技 002514 5.82 0.17 0.01 112531
万达电影 002739 17.8 0.17 0.03 281579
伟星股份 002003 6.04 0.17 0.01 17999
隆基机械 002363 6.27 0.16 0.01 125138
周大生 002867 19.09 0.16 0.03 30760
达华智能 002512 6.45 0.16 0.01 653795
中设股份 002883 19.88 0.15 0.03 10751
传化智联 002010 6.68 0.15 0.01 282427
苏 泊 尔 002032 73.51 0.15 0.11 4759
新疆浩源 002700 7.66 0.13 0.01 35481
民和股份 002234 30.82 0.13 0.04 71877
亚联发展 002316 7.85 0.13 0.01 94340
联化科技 002250 16.36 0.12 0.02 48425
建艺集团 002789 16.43 0.12 0.02 9599
茂硕电源 002660 8.8 0.11 0.01 116790
益生股份 002458 27.66 0.11 0.03 136422
天顺股份 002800 28.62 0.1 0.03 39222
海亮股份 002203 9.88 0.1 0.01 53108
赛隆药业 002898 13.48 0.07 0.01 8160
坚朗五金 002791 28.14 0.07 0.02 14741
海普瑞 002399 18.5 0.05 0.01 61812
华阳国际 002949 21.78 0.05 0.01 16121
侨银环保 002973 "-" "-" "-" "-"
科安达 002972 "-" "-" "-" "-"
和远气体 002971 "-" "-" "-" "-"
华统股份 002840 16.14 0.0 0.0 10792
华源控股 002787 7.15 0.0 0.0 29335
特一药业 002728 16.65 0.0 0.0 4021
龙大肉食 002726 6.87 0.0 0.0 79064
思美传媒 002712 7.47 0.0 0.0 99665
长生退 002680 "-" "-" "-" "-"
*ST龙力 002604 "-" "-" "-" "-"
日上集团 002593 3.95 0.0 0.0 187894
贝因美 002570 5.31 0.0 0.0 61180
协鑫集成 002506 5.8 0.0 0.0 352098
辉丰股份 002496 2.82 0.0 0.0 42797
雏鹰退 002477 "-" "-" "-" "-"
天齐锂业 002466 "-" "-" "-" "-"
*ST康得 002450 "-" "-" "-" "-"
金洲管道 002443 6.66 0.0 0.0 57161
梦洁股份 002397 4.91 0.0 0.0 44473
维信诺 002387 16.07 0.0 0.0 71478
得利斯 002330 7.94 0.0 0.0 116532
*ST德奥 002260 "-" "-" "-" "-"
印纪退 002143 "-" "-" "-" "-"
三维通信 002115 "-" "-" "-" "-"
众和退 002070 "-" "-" "-" "-"
登海种业 002041 8.35 0.0 0.0 173732
华信退 002018 "-" "-" "-" "-"
协鑫能科 002015 5.24 0.0 0.0 48396
和科达 002816 21.96 -0.05 -0.01 6617
黔源电力 002039 14.84 -0.07 -0.01 20968
荣盛石化 002493 12.3 -0.08 -0.01 20641
一心堂 002727 22.76 -0.09 -0.02 20517
红墙股份 002809 17.48 -0.11 -0.02 27540
豪尔赛 002963 34.0 -0.12 -0.04 29014
三夫户外 002780 15.82 -0.13 -0.02 30713
垒知集团 002398 5.76 -0.17 -0.01 47392
美吉姆 002621 11.22 -0.18 -0.02 13106
中航光电 002179 38.49 -0.18 -0.07 50411
仙琚制药 002332 9.65 -0.21 -0.02 215960
西部证券 002673 9.58 -0.21 -0.02 455632
洋河股份 002304 108.74 -0.24 -0.26 33588
金 螳 螂 002081 8.3 -0.24 -0.02 191308
摩登大道 002656 3.97 -0.25 -0.01 211926
实丰文化 002862 22.47 -0.27 -0.06 14000
万丰奥威 002085 7.03 -0.28 -0.02 44758
瀛通通讯 002861 33.13 -0.3 -0.1 18180
恒基达鑫 002492 6.08 -0.33 -0.02 247323
新农股份 002942 28.07 -0.35 -0.1 24157
伟星新材 002372 12.84 -0.39 -0.05 95693
盐津铺子 002847 36.0 -0.5 -0.18 11420
长江健康 002435 3.98 -0.5 -0.02 43471
荣盛发展 002146 9.29 -0.54 -0.05 225730
金溢科技 002869 65.63 -0.56 -0.37 30541
世联行 002285 3.49 -0.57 -0.02 186287
通润装备 002150 6.76 -0.59 -0.04 86830
盾安环境 002011 5.06 -0.59 -0.03 711084
金风科技 002202 11.62 -0.6 -0.07 211503
东方中科 002819 26.34 -0.6 -0.16 46329
星网宇达 002829 22.13 -0.67 -0.15 9758
紫光国微 002049 49.45 -0.68 -0.34 177686
大博医疗 002901 57.11 -0.71 -0.41 10043
海联金汇 002537 6.86 -0.72 -0.05 276256
帝欧家居 002798 23.55 -0.76 -0.18 29431
宏达新材 002211 6.43 -0.77 -0.05 96928
康弘药业 002773 35.88 -0.77 -0.28 76200
高德红外 002414 20.0 -0.79 -0.16 67185
凯文教育 002659 6.2 -0.8 -0.05 58563
岭南股份 002717 4.78 -0.83 -0.04 101579
中坚科技 002779 16.91 -0.88 -0.15 8534
三全食品 002216 14.4 -0.89 -0.13 86589
唐人神 002567 8.8 -0.9 -0.08 169964
金新农 002548 8.67 -1.03 -0.09 61382
ST远程 002692 3.61 -1.1 -0.04 40776
佛慈制药 002644 7.16 -1.1 -0.08 50854
永和智控 002795 14.07 -1.12 -0.16 50019
信邦制药 002390 5.2 -1.14 -0.06 100482
黑猫股份 002068 4.78 -1.24 -0.06 74655
棒杰股份 002634 7.05 -1.26 -0.09 167356
天顺风能 002531 6.02 -1.31 -0.08 153205
新 和 成 002001 21.7 -1.41 -0.31 218431
绿康生化 002868 18.05 -1.53 -0.28 16473
瑞康医药 002589 7.58 -1.56 -0.12 382034
奥普光电 002338 14.37 -1.58 -0.23 58206
梦网集团 002123 18.65 -1.64 -0.31 210291
东音股份 002793 14.4 -1.64 -0.24 169176
共达电声 002655 15.39 -1.66 -0.26 521478
龙津药业 002750 12.52 -1.73 -0.22 187229
牧原股份 002714 78.77 -1.76 -1.41 146203
永高股份 002641 4.72 -1.87 -0.09 84089
南极电商 002127 10.71 -1.92 -0.21 236417
天邦股份 002124 11.92 -2.05 -0.25 283917
奥飞娱乐 002292 9.32 -2.1 -0.2 266072
凤形股份 002760 17.53 -2.12 -0.38 18399
华阳集团 002906 12.31 -2.15 -0.27 94318
中装建设 002822 9.0 -2.17 -0.2 259758
正邦科技 002157 15.13 -2.26 -0.35 702827
福建金森 002679 15.42 -2.53 -0.4 26062
恺英网络 002517 2.6 -2.62 -0.07 1430193
光正集团 002524 10.47 -2.7 -0.29 374001
天康生物 002100 11.42 -2.73 -0.32 325689
长城影视 002071 3.54 -2.75 -0.1 634563
万安科技 002590 7.23 -3.08 -0.23 100191
日发精机 002520 6.91 -3.22 -0.23 72082
嘉美包装 002969 13.58 -3.28 -0.46 298332
卫 士 通 002268 25.6 -3.76 -1.0 220102
亚太股份 002284 5.31 -3.8 -0.21 464473
美邦服饰 002269 2.22 -4.31 -0.1 459798
金一文化 002721 6.2 -4.62 -0.3 451275
众应互联 002464 6.46 -4.86 -0.33 523683
光启技术 002625 9.7 -4.9 -0.5 189783
华森制药 002907 16.51 -6.46 -1.14 123555
新大正 002968 64.77 -6.54 -4.53 45602
多喜爱 002761 10.9 -7.08 -0.83 217865
仁东控股 002647 21.11 -9.98 -2.34 83733
香山股份 002870 23.13 -10.0 -2.57 22658
